0 0.505859375 0.1484375 0.13124999999999998 0.09375
1 0.48828125 0.1953125 0.1640625 0.1171875
2 0.484375 0.25390625 0.1640625 0.1171875
3 0.47265625 0.310546875 0.15859374999999998 0.11328125
4 0.46484375 0.353515625 0.1640625 0.1171875
5 0.4609375 0.412109375 0.1640625 0.1171875
6 0.458984375 0.45703125 0.14765625 0.10546875
7 0.458984375 0.509765625 0.1640625 0.1171875
8 0.462890625 0.568359375 0.1640625 0.1171875
9 0.48828125 0.62109375 0.14765625 0.10546875
10 0.51171875 0.669921875 0.13671875 0.09765625
