0 0.5859375 0.31640625 0.15312499999999998 0.109375
1 0.55859375 0.37109375 0.15312499999999998 0.109375
2 0.55078125 0.41796875 0.13124999999999998 0.09375
3 0.53125 0.45703125 0.1640625 0.1171875
4 0.5234375 0.515625 0.1640625 0.1171875
5 0.515625 0.5546875 0.15312499999999998 0.109375
6 0.50390625 0.609375 0.15312499999999998 0.109375
7 0.5078125 0.65625 0.13124999999999998 0.09375
8 0.515625 0.703125 0.13124999999999998 0.09375
9 0.53515625 0.75 0.15312499999999998 0.109375
10 0.55078125 0.8046875 0.15312499999999998 0.109375
