0 0.5755208333333334 0.17630057803468208 0.10208333333333332 0.08092485549132948
1 0.5651041666666666 0.21676300578034682 0.15312499999999998 0.12138728323699421
2 0.5651041666666666 0.2774566473988439 0.15312499999999998 0.12138728323699421
3 0.5572916666666666 0.32947976878612717 0.14583333333333334 0.11560693641618497
4 0.5416666666666666 0.3872832369942196 0.14583333333333334 0.11560693641618497
5 0.5364583333333334 0.4277456647398844 0.18229166666666666 0.14450867052023122
6 0.53125 0.5 0.18229166666666666 0.14450867052023122
7 0.5208333333333334 0.5491329479768786 0.14583333333333334 0.11560693641618497
8 0.515625 0.6069364161849711 0.14583333333333334 0.11560693641618497
9 0.5182291666666666 0.653179190751445 0.15312499999999998 0.12138728323699421
10 0.5130208333333334 0.7138728323699421 0.15312499999999998 0.12138728323699421
