0 0.5338541666666666 0.2398843930635838 0.11666666666666665 0.09248554913294797
1 0.53125 0.2861271676300578 0.13125 0.10404624277456648
2 0.5208333333333334 0.33815028901734107 0.13854166666666665 0.10982658959537572
3 0.5026041666666666 0.3930635838150289 0.13854166666666665 0.10982658959537572
4 0.4921875 0.4479768786127168 0.13854166666666665 0.10982658959537572
5 0.4869791666666667 0.49710982658959535 0.13125 0.10404624277456648
6 0.4817708333333333 0.5491329479768786 0.13125 0.10404624277456648
7 0.4869791666666667 0.6011560693641619 0.13125 0.10404624277456648
8 0.4973958333333333 0.653179190751445 0.13125 0.10404624277456648
9 0.5078125 0.7023121387283237 0.13125 0.10404624277456648
10 0.515625 0.7543352601156069 0.13125 0.10404624277456648
