0 0.5182291666666666 0.21712538226299694 0.109375 0.09174311926605505
1 0.5130208333333334 0.26299694189602446 0.15312499999999998 0.12844036697247707
2 0.5052083333333334 0.327217125382263 0.15312499999999998 0.12844036697247707
3 0.5 0.382262996941896 0.13854166666666665 0.1162079510703364
4 0.4973958333333333 0.44036697247706424 0.14583333333333334 0.12232415902140673
5 0.484375 0.5015290519877675 0.14583333333333334 0.12232415902140673
6 0.4765625 0.5626911314984709 0.14583333333333334 0.12232415902140673
7 0.4739583333333333 0.6146788990825688 0.14583333333333334 0.12232415902140673
8 0.4713541666666667 0.6758409785932722 0.14583333333333334 0.12232415902140673
9 0.4765625 0.7308868501529052 0.13854166666666665 0.1162079510703364
10 0.4921875 0.7889908256880734 0.13854166666666665 0.1162079510703364
