0 0.55625 0.2824074074074074 0.0875 0.06944444444444445
1 0.55 0.31712962962962965 0.12833333333333333 0.10185185185185185
2 0.5333333333333333 0.3680555555555556 0.12833333333333333 0.10185185185185185
3 0.5270833333333333 0.41203703703703703 0.12833333333333333 0.10185185185185185
4 0.5208333333333334 0.46296296296296297 0.12833333333333333 0.10185185185185185
5 0.5083333333333333 0.5138888888888888 0.12833333333333333 0.10185185185185185
6 0.5041666666666667 0.5462962962962963 0.13416666666666666 0.10648148148148148
7 0.5041666666666667 0.5995370370370371 0.14583333333333334 0.11574074074074074
8 0.49166666666666664 0.6574074074074074 0.14583333333333334 0.11574074074074074
9 0.5 0.6944444444444444 0.11666666666666667 0.09259259259259259
10 0.5083333333333333 0.7407407407407407 0.11666666666666667 0.09259259259259259
