0 0.634765625 0.228515625 0.10390624999999999 0.07421875
1 0.623046875 0.265625 0.12031249999999999 0.0859375
2 0.615234375 0.30859375 0.1421875 0.1015625
3 0.603515625 0.359375 0.1421875 0.1015625
4 0.583984375 0.39453125 0.12578124999999998 0.08984375
5 0.583984375 0.439453125 0.12578124999999998 0.08984375
6 0.578125 0.482421875 0.12031249999999999 0.0859375
7 0.583984375 0.521484375 0.12031249999999999 0.0859375
8 0.595703125 0.564453125 0.12031249999999999 0.0859375
9 0.60546875 0.603515625 0.11484375 0.08203125
10 0.623046875 0.64453125 0.11484375 0.08203125
