0 0.53125 0.3063583815028902 0.12395833333333332 0.09826589595375723
1 0.5234375 0.3554913294797688 0.12395833333333332 0.09826589595375723
2 0.5078125 0.40173410404624277 0.11666666666666665 0.09248554913294797
3 0.5026041666666666 0.4421965317919075 0.14583333333333334 0.11560693641618497
4 0.4791666666666667 0.5 0.14583333333333334 0.11560693641618497
5 0.4765625 0.5520231213872833 0.15312499999999998 0.12138728323699421
6 0.4661458333333333 0.6127167630057804 0.15312499999999998 0.12138728323699421
7 0.46875 0.653179190751445 0.14583333333333334 0.11560693641618497
8 0.4635416666666667 0.7109826589595376 0.14583333333333334 0.11560693641618497
9 0.4765625 0.7398843930635838 0.13125 0.10404624277456648
10 0.4973958333333333 0.791907514450867 0.13125 0.10404624277456648
