0 0.5333333333333333 0.22453703703703703 0.12833333333333333 0.10185185185185185
1 0.5229166666666667 0.27546296296296297 0.12833333333333333 0.10185185185185185
2 0.50625 0.32407407407407407 0.1225 0.09722222222222222
3 0.49583333333333335 0.37037037037037035 0.11666666666666667 0.09259259259259259
4 0.48541666666666666 0.4166666666666667 0.1225 0.09722222222222222
5 0.4791666666666667 0.4652777777777778 0.14583333333333334 0.11574074074074074
6 0.475 0.5231481481481481 0.14583333333333334 0.11574074074074074
7 0.475 0.5763888888888888 0.13416666666666666 0.10648148148148148
8 0.48333333333333334 0.6273148148148148 0.13999999999999999 0.1111111111111111
9 0.49583333333333335 0.6828703703703703 0.13999999999999999 0.1111111111111111
10 0.5083333333333333 0.7314814814814815 0.1225 0.09722222222222222
