0 0.5208333333333334 0.26011560693641617 0.11666666666666665 0.09248554913294797
1 0.5104166666666666 0.3063583815028902 0.12395833333333332 0.09826589595375723
2 0.5 0.3554913294797688 0.12395833333333332 0.09826589595375723
3 0.484375 0.4046242774566474 0.12395833333333332 0.09826589595375723
4 0.4765625 0.4508670520231214 0.13125 0.10404624277456648
5 0.4661458333333333 0.5028901734104047 0.13125 0.10404624277456648
6 0.4583333333333333 0.5520231213872833 0.13125 0.10404624277456648
7 0.4557291666666667 0.6040462427745664 0.13125 0.10404624277456648
8 0.4609375 0.6560693641618497 0.16041666666666665 0.12716763005780346
9 0.4635416666666667 0.7196531791907514 0.16041666666666665 0.12716763005780346
10 0.4739583333333333 0.7658959537572254 0.11666666666666665 0.09248554913294797
