0 0.5390625 0.34202898550724636 0.08020833333333333 0.06376811594202898
1 0.5260416666666666 0.3739130434782609 0.12395833333333332 0.09855072463768116
2 0.5208333333333334 0.42318840579710143 0.12395833333333332 0.09855072463768116
3 0.5078125 0.46956521739130436 0.13854166666666665 0.11014492753623188
4 0.4973958333333333 0.5246376811594203 0.13854166666666665 0.11014492753623188
5 0.4973958333333333 0.5739130434782609 0.13854166666666665 0.11014492753623188
6 0.4765625 0.6289855072463768 0.13854166666666665 0.11014492753623188
7 0.4869791666666667 0.672463768115942 0.109375 0.08695652173913043
8 0.4791666666666667 0.7159420289855073 0.109375 0.08695652173913043
9 0.4869791666666667 0.7594202898550725 0.13854166666666665 0.11014492753623188
10 0.4947916666666667 0.8144927536231884 0.13854166666666665 0.11014492753623188
