0 0.55078125 0.26171875 0.109375 0.078125
1 0.54296875 0.30078125 0.15312499999999998 0.109375
2 0.53515625 0.35546875 0.15312499999999998 0.109375
3 0.53515625 0.38671875 0.15312499999999998 0.109375
4 0.5078125 0.44140625 0.15312499999999998 0.109375
5 0.48828125 0.4921875 0.1421875 0.1015625
6 0.4765625 0.53515625 0.13124999999999998 0.09375
7 0.48046875 0.58203125 0.13124999999999998 0.09375
8 0.484375 0.62890625 0.1640625 0.1171875
9 0.48046875 0.6875 0.1640625 0.1171875
10 0.50390625 0.734375 0.13124999999999998 0.09375
