0 0.55859375 0.17578125 0.109375 0.078125
1 0.544921875 0.21484375 0.12031249999999999 0.0859375
2 0.521484375 0.2578125 0.12031249999999999 0.0859375
3 0.509765625 0.30078125 0.12031249999999999 0.0859375
4 0.4921875 0.341796875 0.1640625 0.1171875
5 0.490234375 0.400390625 0.1640625 0.1171875
6 0.47265625 0.455078125 0.15312499999999998 0.109375
7 0.47265625 0.509765625 0.15312499999999998 0.109375
8 0.4765625 0.55078125 0.13671875 0.09765625
9 0.4921875 0.599609375 0.13671875 0.09765625
10 0.517578125 0.642578125 0.12031249999999999 0.0859375
