0 0.546875 0.2514450867052023 0.12395833333333332 0.09826589595375723
1 0.53125 0.30057803468208094 0.13854166666666665 0.10982658959537572
2 0.5260416666666666 0.3554913294797688 0.13854166666666665 0.10982658959537572
3 0.5104166666666666 0.40173410404624277 0.13125 0.10404624277456648
4 0.5 0.45375722543352603 0.13125 0.10404624277456648
5 0.4817708333333333 0.5057803468208093 0.13125 0.10404624277456648
6 0.4739583333333333 0.5549132947976878 0.13854166666666665 0.10982658959537572
7 0.4583333333333333 0.6098265895953757 0.13854166666666665 0.10982658959537572
8 0.4557291666666667 0.661849710982659 0.15312499999999998 0.12138728323699421
9 0.4635416666666667 0.7225433526011561 0.15312499999999998 0.12138728323699421
10 0.4791666666666667 0.7774566473988439 0.13854166666666665 0.10982658959537572
