0 0.546875 0.24566473988439305 0.11666666666666665 0.09248554913294797
1 0.5390625 0.29190751445086704 0.14583333333333334 0.11560693641618497
2 0.53125 0.34971098265895956 0.15312499999999998 0.12138728323699421
3 0.5234375 0.41040462427745666 0.15312499999999998 0.12138728323699421
4 0.5104166666666666 0.4653179190751445 0.13854166666666665 0.10982658959537572
5 0.5026041666666666 0.5202312138728323 0.15312499999999998 0.12138728323699421
6 0.4921875 0.5809248554913294 0.15312499999999998 0.12138728323699421
7 0.4895833333333333 0.6416184971098265 0.16041666666666665 0.12716763005780346
8 0.4921875 0.7052023121387283 0.16041666666666665 0.12716763005780346
9 0.4921875 0.7543352601156069 0.13125 0.10404624277456648
10 0.5026041666666666 0.8063583815028902 0.13125 0.10404624277456648
