0 0.5078125 0.23699421965317918 0.13125 0.10404624277456648
1 0.4973958333333333 0.28901734104046245 0.13125 0.10404624277456648
2 0.4895833333333333 0.34104046242774566 0.15312499999999998 0.12138728323699421
3 0.4791666666666667 0.40173410404624277 0.15312499999999998 0.12138728323699421
4 0.4713541666666667 0.45375722543352603 0.14583333333333334 0.11560693641618497
5 0.4635416666666667 0.5115606936416185 0.15312499999999998 0.12138728323699421
6 0.4609375 0.5722543352601156 0.15312499999999998 0.12138728323699421
7 0.4583333333333333 0.630057803468208 0.16770833333333332 0.1329479768786127
8 0.4635416666666667 0.6965317919075145 0.16770833333333332 0.1329479768786127
9 0.4739583333333333 0.7572254335260116 0.15312499999999998 0.12138728323699421
10 0.4947916666666667 0.8063583815028902 0.12395833333333332 0.09826589595375723
