0 0.5572916666666666 0.22629969418960244 0.12395833333333332 0.10397553516819572
1 0.5520833333333334 0.2782874617737003 0.12395833333333332 0.10397553516819572
2 0.5364583333333334 0.327217125382263 0.11666666666666665 0.09785932721712538
3 0.5234375 0.3761467889908257 0.13125 0.11009174311926606
4 0.5130208333333334 0.43119266055045874 0.15312499999999998 0.12844036697247707
5 0.5026041666666666 0.4954128440366973 0.15312499999999998 0.12844036697247707
6 0.4973958333333333 0.5596330275229358 0.15312499999999998 0.12844036697247707
7 0.4947916666666667 0.6146788990825688 0.16041666666666665 0.1345565749235474
8 0.5 0.6819571865443425 0.16041666666666665 0.1345565749235474
9 0.5130208333333334 0.7370030581039755 0.15312499999999998 0.12844036697247707
10 0.5338541666666666 0.8012232415902141 0.15312499999999998 0.12844036697247707
