0 0.5494791666666666 0.2398843930635838 0.11666666666666665 0.09248554913294797
1 0.5364583333333334 0.2861271676300578 0.13854166666666665 0.10982658959537572
2 0.53125 0.34104046242774566 0.13854166666666665 0.10982658959537572
3 0.5208333333333334 0.3959537572254335 0.13854166666666665 0.10982658959537572
4 0.5182291666666666 0.44508670520231214 0.13854166666666665 0.10982658959537572
5 0.5078125 0.5 0.13854166666666665 0.10982658959537572
6 0.4947916666666667 0.5549132947976878 0.13854166666666665 0.10982658959537572
7 0.4973958333333333 0.6069364161849711 0.13854166666666665 0.10982658959537572
8 0.4947916666666667 0.661849710982659 0.13854166666666665 0.10982658959537572
9 0.4947916666666667 0.7167630057803468 0.13854166666666665 0.10982658959537572
10 0.5052083333333334 0.7601156069364162 0.109375 0.08670520231213873
