0 0.5963541666666666 0.16473988439306358 0.109375 0.08670520231213873
1 0.5833333333333334 0.20809248554913296 0.13125 0.10404624277456648
2 0.5703125 0.26011560693641617 0.13125 0.10404624277456648
3 0.5572916666666666 0.3092485549132948 0.12395833333333332 0.09826589595375723
4 0.5338541666666666 0.35260115606936415 0.12395833333333332 0.09826589595375723
5 0.5182291666666666 0.40173410404624277 0.14583333333333334 0.11560693641618497
6 0.4921875 0.4595375722543353 0.14583333333333334 0.11560693641618497
7 0.4869791666666667 0.5086705202312138 0.14583333333333334 0.11560693641618497
8 0.484375 0.5664739884393064 0.14583333333333334 0.11560693641618497
9 0.4869791666666667 0.6213872832369942 0.13854166666666665 0.10982658959537572
10 0.5078125 0.6676300578034682 0.11666666666666665 0.09248554913294797
