0 0.5703125 0.18208092485549132 0.09479166666666666 0.07514450867052024
1 0.5625 0.21965317919075145 0.13125 0.10404624277456648
2 0.5442708333333334 0.27167630057803466 0.13125 0.10404624277456648
3 0.53125 0.315028901734104 0.16041666666666665 0.12716763005780346
4 0.5130208333333334 0.3786127167630058 0.16041666666666665 0.12716763005780346
5 0.5 0.4277456647398844 0.14583333333333334 0.11560693641618497
6 0.484375 0.48554913294797686 0.14583333333333334 0.11560693641618497
7 0.484375 0.5433526011560693 0.15312499999999998 0.12138728323699421
8 0.4765625 0.6040462427745664 0.15312499999999998 0.12138728323699421
9 0.484375 0.6647398843930635 0.15312499999999998 0.12138728323699421
10 0.5052083333333334 0.7225433526011561 0.14583333333333334 0.11560693641618497
