0 0.5703125 0.240234375 0.12031249999999999 0.0859375
1 0.55078125 0.283203125 0.12578124999999998 0.08984375
2 0.54296875 0.328125 0.12578124999999998 0.08984375
3 0.53515625 0.3671875 0.1640625 0.1171875
4 0.521484375 0.42578125 0.1640625 0.1171875
5 0.515625 0.482421875 0.15859374999999998 0.11328125
6 0.517578125 0.529296875 0.13124999999999998 0.09375
7 0.51171875 0.5703125 0.1640625 0.1171875
8 0.529296875 0.62890625 0.1640625 0.1171875
9 0.548828125 0.685546875 0.15859374999999998 0.11328125
10 0.5703125 0.720703125 0.0984375 0.0703125
