0 0.4557291666666667 0.2254335260115607 0.13125 0.10404624277456648
1 0.4453125 0.2774566473988439 0.13125 0.10404624277456648
2 0.4453125 0.32947976878612717 0.13125 0.10404624277456648
3 0.4348958333333333 0.3815028901734104 0.15312499999999998 0.12138728323699421
4 0.4348958333333333 0.4421965317919075 0.15312499999999998 0.12138728323699421
5 0.421875 0.49710982658959535 0.15312499999999998 0.12138728323699421
6 0.421875 0.5578034682080925 0.15312499999999998 0.12138728323699421
7 0.4088541666666667 0.615606936416185 0.15312499999999998 0.12138728323699421
8 0.4140625 0.6763005780346821 0.15312499999999998 0.12138728323699421
9 0.4140625 0.7341040462427746 0.14583333333333334 0.11560693641618497
10 0.421875 0.7861271676300579 0.13125 0.10404624277456648
