0 0.46875 0.11849710982658959 0.13854166666666665 0.10982658959537572
1 0.4661458333333333 0.17341040462427745 0.13854166666666665 0.10982658959537572
2 0.453125 0.2138728323699422 0.13854166666666665 0.10982658959537572
3 0.4479166666666667 0.26878612716763006 0.15312499999999998 0.12138728323699421
4 0.4427083333333333 0.32947976878612717 0.15312499999999998 0.12138728323699421
5 0.4322916666666667 0.3901734104046243 0.15312499999999998 0.12138728323699421
6 0.4322916666666667 0.4421965317919075 0.15312499999999998 0.12138728323699421
7 0.4270833333333333 0.5028901734104047 0.15312499999999998 0.12138728323699421
8 0.4296875 0.5606936416184971 0.14583333333333334 0.11560693641618497
9 0.4348958333333333 0.615606936416185 0.13854166666666665 0.10982658959537572
10 0.4505208333333333 0.6705202312138728 0.13854166666666665 0.10982658959537572
