0 0.525 0.14919354838709678 0.1633333333333333 0.11290322580645161
1 0.51875 0.2056451612903226 0.18666666666666665 0.12903225806451613
2 0.5083333333333333 0.2701612903225806 0.18666666666666665 0.12903225806451613
3 0.4979166666666667 0.3346774193548387 0.18666666666666665 0.12903225806451613
4 0.49166666666666664 0.3971774193548387 0.19249999999999998 0.13306451612903225
5 0.475 0.4637096774193548 0.21583333333333332 0.14919354838709678
6 0.4666666666666667 0.5383064516129032 0.21583333333333332 0.14919354838709678
7 0.45625 0.6008064516129032 0.22166666666666665 0.1532258064516129
8 0.45 0.6774193548387096 0.22166666666666665 0.1532258064516129
9 0.45416666666666666 0.7379032258064516 0.20416666666666666 0.14112903225806453
10 0.45416666666666666 0.8084677419354839 0.20416666666666666 0.14112903225806453
