0 0.5260416666666666 0.315028901734104 0.13125 0.10404624277456648
1 0.5208333333333334 0.3670520231213873 0.13125 0.10404624277456648
2 0.5078125 0.407514450867052 0.13854166666666665 0.10982658959537572
3 0.4921875 0.4624277456647399 0.13854166666666665 0.10982658959537572
4 0.4869791666666667 0.5086705202312138 0.13854166666666665 0.10982658959537572
5 0.4817708333333333 0.5635838150289018 0.13854166666666665 0.10982658959537572
6 0.5026041666666666 0.615606936416185 0.13125 0.10404624277456648
7 0.5104166666666666 0.661849710982659 0.11666666666666665 0.09248554913294797
8 0.5364583333333334 0.708092485549133 0.11666666666666665 0.09248554913294797
9 0.5625 0.7485549132947977 0.10208333333333332 0.08092485549132948
10 0.5859375 0.7890173410404624 0.10208333333333332 0.08092485549132948
