0 0.689453125 0.197265625 0.109375 0.078125
1 0.6796875 0.236328125 0.109375 0.078125
2 0.66796875 0.275390625 0.109375 0.078125
3 0.65234375 0.314453125 0.109375 0.078125
4 0.630859375 0.3515625 0.10390624999999999 0.07421875
5 0.6171875 0.38671875 0.11484375 0.08203125
6 0.607421875 0.427734375 0.12578124999999998 0.08984375
7 0.591796875 0.47265625 0.12578124999999998 0.08984375
8 0.5859375 0.513671875 0.12031249999999999 0.0859375
9 0.576171875 0.556640625 0.13124999999999998 0.09375
10 0.5859375 0.603515625 0.13124999999999998 0.09375
