0 0.55 0.271461716937355 0.12833333333333333 0.10208816705336426
1 0.5375 0.3225058004640371 0.12833333333333333 0.10208816705336426
2 0.5270833333333333 0.37122969837587005 0.13416666666666666 0.10672853828306264
3 0.5166666666666667 0.4245939675174014 0.1633333333333333 0.12993039443155452
4 0.5041666666666667 0.4895591647331787 0.1633333333333333 0.12993039443155452
5 0.5020833333333333 0.5452436194895591 0.15166666666666667 0.12064965197215777
6 0.49583333333333335 0.605568445475638 0.15166666666666667 0.12064965197215777
7 0.4895833333333333 0.6589327146171694 0.15166666666666667 0.12064965197215777
8 0.49166666666666664 0.7192575406032483 0.15166666666666667 0.12064965197215777
9 0.4979166666666667 0.7749419953596288 0.13999999999999999 0.11136890951276102
10 0.5166666666666667 0.8259860788863109 0.12833333333333333 0.10208816705336426
