0 0.5208333333333334 0.26011560693641617 0.13854166666666665 0.10982658959537572
1 0.5052083333333334 0.315028901734104 0.14583333333333334 0.11560693641618497
2 0.4947916666666667 0.37283236994219654 0.15312499999999998 0.12138728323699421
3 0.484375 0.43352601156069365 0.15312499999999998 0.12138728323699421
4 0.4765625 0.4884393063583815 0.16041666666666665 0.12716763005780346
5 0.4661458333333333 0.5520231213872833 0.16041666666666665 0.12716763005780346
6 0.4635416666666667 0.6069364161849711 0.16041666666666665 0.12716763005780346
7 0.4635416666666667 0.6705202312138728 0.16041666666666665 0.12716763005780346
8 0.4661458333333333 0.7254335260115607 0.15312499999999998 0.12138728323699421
9 0.4869791666666667 0.7861271676300579 0.15312499999999998 0.12138728323699421
10 0.5052083333333334 0.838150289017341 0.13125 0.10404624277456648
