0 0.625 0.1484375 0.10390624999999999 0.07421875
1 0.6171875 0.185546875 0.13124999999999998 0.09375
2 0.6171875 0.232421875 0.13124999999999998 0.09375
3 0.609375 0.279296875 0.1421875 0.1015625
4 0.603515625 0.330078125 0.1421875 0.1015625
5 0.599609375 0.365234375 0.12578124999999998 0.08984375
6 0.5859375 0.41015625 0.12578124999999998 0.08984375
7 0.580078125 0.453125 0.13671875 0.09765625
8 0.580078125 0.501953125 0.13671875 0.09765625
9 0.587890625 0.546875 0.12578124999999998 0.08984375
10 0.58984375 0.591796875 0.12578124999999998 0.08984375
