0 0.4817708333333333 0.19653179190751446 0.12395833333333332 0.09826589595375723
1 0.4713541666666667 0.24566473988439305 0.13125 0.10404624277456648
2 0.4661458333333333 0.2976878612716763 0.13125 0.10404624277456648
3 0.453125 0.3468208092485549 0.13854166666666665 0.10982658959537572
4 0.4479166666666667 0.40173410404624277 0.13854166666666665 0.10982658959537572
5 0.4348958333333333 0.4508670520231214 0.13125 0.10404624277456648
6 0.4270833333333333 0.5028901734104047 0.15312499999999998 0.12138728323699421
7 0.4140625 0.5635838150289018 0.15312499999999998 0.12138728323699421
8 0.4114583333333333 0.615606936416185 0.14583333333333334 0.11560693641618497
9 0.40625 0.6734104046242775 0.14583333333333334 0.11560693641618497
10 0.4166666666666667 0.7225433526011561 0.12395833333333332 0.09826589595375723
