0 0.48828125 0.34375 0.10390624999999999 0.07421875
1 0.48046875 0.380859375 0.15859374999999998 0.11328125
2 0.4609375 0.4375 0.15859374999999998 0.11328125
3 0.45703125 0.4765625 0.12031249999999999 0.0859375
4 0.447265625 0.51953125 0.12578124999999998 0.08984375
5 0.447265625 0.564453125 0.15859374999999998 0.11328125
6 0.44140625 0.62109375 0.15859374999999998 0.11328125
7 0.4453125 0.673828125 0.14765625 0.10546875
8 0.45703125 0.720703125 0.13124999999999998 0.09375
9 0.474609375 0.759765625 0.109375 0.078125
10 0.501953125 0.796875 0.10390624999999999 0.07421875
