0 0.5572916666666666 0.18181818181818182 0.13854166666666665 0.12337662337662338
1 0.5442708333333334 0.2435064935064935 0.15312499999999998 0.13636363636363635
2 0.53125 0.3116883116883117 0.15312499999999998 0.13636363636363635
3 0.5130208333333334 0.36688311688311687 0.13854166666666665 0.12337662337662338
4 0.5052083333333334 0.42857142857142855 0.15312499999999998 0.13636363636363635
5 0.4947916666666667 0.4967532467532468 0.15312499999999998 0.13636363636363635
6 0.4895833333333333 0.564935064935065 0.18958333333333333 0.16883116883116883
7 0.4869791666666667 0.6493506493506493 0.18958333333333333 0.16883116883116883
8 0.4869791666666667 0.7012987012987013 0.14583333333333334 0.12987012987012986
9 0.4921875 0.7662337662337663 0.14583333333333334 0.12987012987012986
10 0.5104166666666666 0.827922077922078 0.13854166666666665 0.12337662337662338
