0 0.5333333333333333 0.21296296296296297 0.12833333333333333 0.10185185185185185
1 0.5291666666666667 0.2638888888888889 0.14583333333333334 0.11574074074074074
2 0.51875 0.32175925925925924 0.14583333333333334 0.11574074074074074
3 0.5125 0.375 0.15166666666666667 0.12037037037037036
4 0.5083333333333333 0.4351851851851852 0.15166666666666667 0.12037037037037036
5 0.5020833333333333 0.49074074074074076 0.1575 0.125
6 0.5 0.5532407407407407 0.1575 0.125
7 0.49166666666666664 0.6111111111111112 0.14583333333333334 0.11574074074074074
8 0.4875 0.6689814814814815 0.14583333333333334 0.11574074074074074
9 0.4875 0.7245370370370371 0.16916666666666663 0.13425925925925927
10 0.49166666666666664 0.7916666666666666 0.16916666666666663 0.13425925925925927
