0 0.4817708333333333 0.17630057803468208 0.11666666666666665 0.09248554913294797
1 0.4739583333333333 0.22254335260115607 0.13854166666666665 0.10982658959537572
2 0.4661458333333333 0.2774566473988439 0.13854166666666665 0.10982658959537572
3 0.4479166666666667 0.32947976878612717 0.15312499999999998 0.12138728323699421
4 0.4505208333333333 0.3901734104046243 0.15312499999999998 0.12138728323699421
5 0.4375 0.4479768786127168 0.14583333333333334 0.11560693641618497
6 0.4427083333333333 0.5057803468208093 0.14583333333333334 0.11560693641618497
7 0.4401041666666667 0.5606936416184971 0.13854166666666665 0.10982658959537572
8 0.4557291666666667 0.6127167630057804 0.14583333333333334 0.11560693641618497
9 0.46875 0.6705202312138728 0.14583333333333334 0.11560693641618497
10 0.4869791666666667 0.7196531791907514 0.12395833333333332 0.09826589595375723
