0 0.53125 0.15028901734104047 0.12395833333333332 0.09826589595375723
1 0.5234375 0.1994219653179191 0.13125 0.10404624277456648
2 0.5130208333333334 0.2514450867052023 0.13125 0.10404624277456648
3 0.5026041666666666 0.30057803468208094 0.13125 0.10404624277456648
4 0.4947916666666667 0.35260115606936415 0.13125 0.10404624277456648
5 0.484375 0.4046242774566474 0.13125 0.10404624277456648
6 0.4817708333333333 0.45664739884393063 0.14583333333333334 0.11560693641618497
7 0.4791666666666667 0.5144508670520231 0.14583333333333334 0.11560693641618497
8 0.4817708333333333 0.5635838150289018 0.12395833333333332 0.09826589595375723
9 0.4895833333333333 0.6127167630057804 0.12395833333333332 0.09826589595375723
10 0.5052083333333334 0.6560693641618497 0.109375 0.08670520231213873
