0 0.5166666666666667 0.10185185185185185 0.13999999999999999 0.1111111111111111
1 0.5125 0.1574074074074074 0.13999999999999999 0.1111111111111111
2 0.5 0.2037037037037037 0.13416666666666666 0.10648148148148148
3 0.49375 0.2569444444444444 0.15166666666666667 0.12037037037037036
4 0.47708333333333336 0.31712962962962965 0.1575 0.125
5 0.46875 0.37962962962962965 0.1575 0.125
6 0.46041666666666664 0.44212962962962965 0.1575 0.125
7 0.4479166666666667 0.5 0.16916666666666663 0.13425925925925927
8 0.4395833333333333 0.5671296296296297 0.16916666666666663 0.13425925925925927
9 0.4395833333333333 0.6203703703703703 0.14583333333333334 0.11574074074074074
10 0.45 0.6782407407407407 0.14583333333333334 0.11574074074074074
