0 0.52734375 0.255859375 0.1421875 0.1015625
1 0.525390625 0.306640625 0.1421875 0.1015625
2 0.525390625 0.341796875 0.13671875 0.09765625
3 0.51171875 0.390625 0.13671875 0.09765625
4 0.498046875 0.435546875 0.13124999999999998 0.09375
5 0.4921875 0.482421875 0.1421875 0.1015625
6 0.482421875 0.533203125 0.1421875 0.1015625
7 0.482421875 0.580078125 0.13124999999999998 0.09375
8 0.48828125 0.62109375 0.13671875 0.09765625
9 0.505859375 0.669921875 0.13671875 0.09765625
10 0.51953125 0.7109375 0.11484375 0.08203125
