0 0.53125 0.2832369942196532 0.12395833333333332 0.09826589595375723
1 0.5286458333333334 0.33236994219653176 0.13125 0.10404624277456648
2 0.5234375 0.38439306358381503 0.13854166666666665 0.10982658959537572
3 0.5182291666666666 0.4393063583815029 0.15312499999999998 0.12138728323699421
4 0.5026041666666666 0.5 0.15312499999999998 0.12138728323699421
5 0.5 0.5520231213872833 0.14583333333333334 0.11560693641618497
6 0.4973958333333333 0.6098265895953757 0.14583333333333334 0.11560693641618497
7 0.4947916666666667 0.6676300578034682 0.14583333333333334 0.11560693641618497
8 0.4973958333333333 0.7167630057803468 0.15312499999999998 0.12138728323699421
9 0.4973958333333333 0.7774566473988439 0.15312499999999998 0.12138728323699421
10 0.5104166666666666 0.838150289017341 0.15312499999999998 0.12138728323699421
