0 0.6145833333333334 0.18208092485549132 0.13854166666666665 0.10982658959537572
1 0.5989583333333334 0.23699421965317918 0.13854166666666665 0.10982658959537572
2 0.5833333333333334 0.2861271676300578 0.15312499999999998 0.12138728323699421
3 0.5651041666666666 0.3468208092485549 0.15312499999999998 0.12138728323699421
4 0.5572916666666666 0.4046242774566474 0.14583333333333334 0.11560693641618497
5 0.5442708333333334 0.45664739884393063 0.16770833333333332 0.1329479768786127
6 0.5416666666666666 0.523121387283237 0.16770833333333332 0.1329479768786127
7 0.5390625 0.5867052023121387 0.16041666666666665 0.12716763005780346
8 0.5572916666666666 0.638728323699422 0.14583333333333334 0.11560693641618497
9 0.5755208333333334 0.6965317919075145 0.14583333333333334 0.11560693641618497
10 0.6067708333333334 0.7485549132947977 0.13125 0.10404624277456648
