0 0.5494791666666666 0.1994219653179191 0.13854166666666665 0.10982658959537572
1 0.5416666666666666 0.2543352601156069 0.14583333333333334 0.11560693641618497
2 0.5338541666666666 0.31213872832369943 0.15312499999999998 0.12138728323699421
3 0.5208333333333334 0.37283236994219654 0.15312499999999998 0.12138728323699421
4 0.515625 0.430635838150289 0.15312499999999998 0.12138728323699421
5 0.5052083333333334 0.4913294797687861 0.16041666666666665 0.12716763005780346
6 0.4973958333333333 0.5549132947976878 0.16041666666666665 0.12716763005780346
7 0.4869791666666667 0.6127167630057804 0.14583333333333334 0.11560693641618497
8 0.4921875 0.6705202312138728 0.15312499999999998 0.12138728323699421
9 0.4895833333333333 0.7312138728323699 0.15312499999999998 0.12138728323699421
10 0.5026041666666666 0.7832369942196532 0.13125 0.10404624277456648
