0 0.5 0.251953125 0.0984375 0.0703125
1 0.505859375 0.287109375 0.15312499999999998 0.109375
2 0.4921875 0.341796875 0.15312499999999998 0.109375
3 0.490234375 0.37890625 0.12578124999999998 0.08984375
4 0.474609375 0.423828125 0.12578124999999998 0.08984375
5 0.482421875 0.46875 0.14765625 0.10546875
6 0.466796875 0.521484375 0.14765625 0.10546875
7 0.474609375 0.5625 0.175 0.125
8 0.474609375 0.625 0.175 0.125
9 0.494140625 0.66015625 0.15312499999999998 0.109375
10 0.505859375 0.71484375 0.15312499999999998 0.109375
