0 0.48125 0.19375 0.1225 0.0875
1 0.4791666666666667 0.2375 0.1225 0.0875
2 0.45208333333333334 0.2791666666666667 0.11666666666666667 0.08333333333333333
3 0.44166666666666665 0.32083333333333336 0.1225 0.0875
4 0.42291666666666666 0.3645833333333333 0.1575 0.1125
5 0.42083333333333334 0.42083333333333334 0.1575 0.1125
6 0.40208333333333335 0.46875 0.1575 0.1125
7 0.39791666666666664 0.525 0.1575 0.1125
8 0.40208333333333335 0.5770833333333333 0.14583333333333334 0.10416666666666667
9 0.42083333333333334 0.6270833333333333 0.13999999999999999 0.1
10 0.44375 0.6666666666666666 0.11083333333333333 0.07916666666666666
