0 0.52734375 0.1953125 0.12031249999999999 0.0859375
1 0.513671875 0.23828125 0.12031249999999999 0.0859375
2 0.513671875 0.28125 0.13671875 0.09765625
3 0.501953125 0.330078125 0.13671875 0.09765625
4 0.501953125 0.37890625 0.13671875 0.09765625
5 0.490234375 0.423828125 0.13671875 0.09765625
6 0.5 0.47265625 0.13671875 0.09765625
7 0.4921875 0.51953125 0.15312499999999998 0.109375
8 0.5078125 0.57421875 0.15312499999999998 0.109375
9 0.51171875 0.619140625 0.1421875 0.1015625
10 0.537109375 0.669921875 0.1421875 0.1015625
