0 0.57421875 0.3359375 0.109375 0.078125
1 0.56640625 0.375 0.1421875 0.1015625
2 0.55859375 0.42578125 0.1421875 0.1015625
3 0.5546875 0.47265625 0.13124999999999998 0.09375
4 0.54296875 0.515625 0.13124999999999998 0.09375
5 0.53515625 0.5625 0.13124999999999998 0.09375
6 0.53515625 0.60546875 0.12031249999999999 0.0859375
7 0.53125 0.640625 0.1421875 0.1015625
8 0.53125 0.69140625 0.1421875 0.1015625
9 0.53125 0.73828125 0.13124999999999998 0.09375
10 0.546875 0.78125 0.12031249999999999 0.0859375
