0 0.546875 0.3072463768115942 0.11666666666666665 0.0927536231884058
1 0.5390625 0.3536231884057971 0.11666666666666665 0.0927536231884058
2 0.5286458333333334 0.39710144927536234 0.109375 0.08695652173913043
3 0.5208333333333334 0.4405797101449275 0.12395833333333332 0.09855072463768116
4 0.5078125 0.48985507246376814 0.12395833333333332 0.09855072463768116
5 0.4921875 0.5304347826086957 0.13125 0.10434782608695652
6 0.46875 0.5826086956521739 0.13125 0.10434782608695652
7 0.4635416666666667 0.6289855072463768 0.13854166666666665 0.11014492753623188
8 0.453125 0.6840579710144927 0.13854166666666665 0.11014492753623188
9 0.453125 0.7275362318840579 0.14583333333333334 0.11594202898550725
10 0.4505208333333333 0.7855072463768116 0.14583333333333334 0.11594202898550725
