0 0.5755208333333334 0.1069364161849711 0.15312499999999998 0.12138728323699421
1 0.546875 0.1676300578034682 0.16770833333333332 0.1329479768786127
2 0.5286458333333334 0.23410404624277456 0.17499999999999996 0.13872832369942195
3 0.5234375 0.30346820809248554 0.17499999999999996 0.13872832369942195
4 0.5026041666666666 0.3699421965317919 0.17499999999999996 0.13872832369942195
5 0.4973958333333333 0.4393063583815029 0.18958333333333333 0.15028901734104047
6 0.4921875 0.5144508670520231 0.18958333333333333 0.15028901734104047
7 0.4817708333333333 0.5838150289017341 0.196875 0.15606936416184972
8 0.46875 0.661849710982659 0.196875 0.15606936416184972
9 0.4739583333333333 0.7196531791907514 0.16770833333333332 0.1329479768786127
10 0.5026041666666666 0.7861271676300579 0.16770833333333332 0.1329479768786127
