0 0.572265625 0.21484375 0.14765625 0.10546875
1 0.5859375 0.267578125 0.14765625 0.10546875
2 0.57421875 0.3125 0.12578124999999998 0.08984375
3 0.568359375 0.34765625 0.18046874999999998 0.12890625
4 0.544921875 0.412109375 0.18046874999999998 0.12890625
5 0.548828125 0.447265625 0.16953125 0.12109375
6 0.521484375 0.5078125 0.16953125 0.12109375
7 0.513671875 0.546875 0.18046874999999998 0.12890625
8 0.513671875 0.611328125 0.18593749999999998 0.1328125
9 0.509765625 0.677734375 0.18593749999999998 0.1328125
10 0.515625 0.716796875 0.109375 0.078125
