0 0.58984375 0.2578125 0.12031249999999999 0.0859375
1 0.58984375 0.30078125 0.13124999999999998 0.09375
2 0.57421875 0.34765625 0.13124999999999998 0.09375
3 0.56640625 0.3828125 0.1421875 0.1015625
4 0.54296875 0.43359375 0.1421875 0.1015625
5 0.5390625 0.46875 0.1421875 0.1015625
6 0.5234375 0.51953125 0.1421875 0.1015625
7 0.5234375 0.56640625 0.1421875 0.1015625
8 0.52734375 0.6171875 0.1421875 0.1015625
9 0.54296875 0.66015625 0.1421875 0.1015625
10 0.56640625 0.7109375 0.1421875 0.1015625
