0 0.5651041666666666 0.2463768115942029 0.11666666666666665 0.0927536231884058
1 0.5546875 0.2927536231884058 0.11666666666666665 0.0927536231884058
2 0.546875 0.33043478260869563 0.11666666666666665 0.0927536231884058
3 0.53125 0.37681159420289856 0.14583333333333334 0.11594202898550725
4 0.5260416666666666 0.43478260869565216 0.14583333333333334 0.11594202898550725
5 0.5182291666666666 0.4811594202898551 0.12395833333333332 0.09855072463768116
6 0.5208333333333334 0.5304347826086957 0.15312499999999998 0.12173913043478261
7 0.5234375 0.591304347826087 0.15312499999999998 0.12173913043478261
8 0.5260416666666666 0.6318840579710145 0.11666666666666665 0.0927536231884058
9 0.5338541666666666 0.6782608695652174 0.17499999999999996 0.1391304347826087
10 0.5520833333333334 0.7478260869565218 0.17499999999999996 0.1391304347826087
