0 0.5807291666666666 0.17630057803468208 0.11666666666666665 0.09248554913294797
1 0.5651041666666666 0.22254335260115607 0.13125 0.10404624277456648
2 0.5494791666666666 0.2745664739884393 0.13854166666666665 0.10982658959537572
3 0.5286458333333334 0.32947976878612717 0.13854166666666665 0.10982658959537572
4 0.5130208333333334 0.3815028901734104 0.13125 0.10404624277456648
5 0.5052083333333334 0.4277456647398844 0.13854166666666665 0.10982658959537572
6 0.484375 0.48265895953757226 0.13854166666666665 0.10982658959537572
7 0.4869791666666667 0.5346820809248555 0.15312499999999998 0.12138728323699421
8 0.4921875 0.5953757225433526 0.15312499999999998 0.12138728323699421
9 0.5 0.6560693641618497 0.15312499999999998 0.12138728323699421
10 0.5130208333333334 0.6878612716763006 0.08020833333333333 0.06358381502890173
