0 0.466796875 0.26171875 0.15859374999999998 0.11328125
1 0.4609375 0.318359375 0.15859374999999998 0.11328125
2 0.44140625 0.3671875 0.19140625 0.13671875
3 0.4296875 0.435546875 0.19140625 0.13671875
4 0.416015625 0.482421875 0.20781249999999998 0.1484375
5 0.421875 0.556640625 0.20781249999999998 0.1484375
6 0.416015625 0.609375 0.14765625 0.10546875
7 0.4296875 0.658203125 0.15312499999999998 0.109375
8 0.455078125 0.712890625 0.15312499999999998 0.109375
9 0.5078125 0.74609375 0.09296874999999999 0.06640625
10 0.546875 0.779296875 0.09296874999999999 0.06640625
