0 0.5208333333333334 0.25 0.13416666666666666 0.10648148148148148
1 0.5166666666666667 0.30324074074074076 0.13416666666666666 0.10648148148148148
2 0.5125 0.35185185185185186 0.13999999999999999 0.1111111111111111
3 0.5125 0.4074074074074074 0.13999999999999999 0.1111111111111111
4 0.5125 0.46064814814814814 0.1575 0.125
5 0.5166666666666667 0.5231481481481481 0.1575 0.125
6 0.5208333333333334 0.5671296296296297 0.14583333333333334 0.11574074074074074
7 0.5229166666666667 0.625 0.14583333333333334 0.11574074074074074
8 0.5291666666666667 0.6712962962962963 0.13999999999999999 0.1111111111111111
9 0.53125 0.7268518518518519 0.13999999999999999 0.1111111111111111
10 0.5375 0.7685185185185185 0.105 0.08333333333333333
