0 0.546875 0.2138728323699422 0.16770833333333332 0.1329479768786127
1 0.5338541666666666 0.28034682080924855 0.16770833333333332 0.1329479768786127
2 0.5286458333333334 0.33236994219653176 0.13125 0.10404624277456648
3 0.5182291666666666 0.3815028901734104 0.15312499999999998 0.12138728323699421
4 0.5104166666666666 0.4421965317919075 0.15312499999999998 0.12138728323699421
5 0.5 0.49421965317919075 0.17499999999999996 0.13872832369942195
6 0.4973958333333333 0.5635838150289018 0.17499999999999996 0.13872832369942195
7 0.4921875 0.6213872832369942 0.16041666666666665 0.12716763005780346
8 0.4791666666666667 0.684971098265896 0.16041666666666665 0.12716763005780346
9 0.4791666666666667 0.7369942196531792 0.14583333333333334 0.11560693641618497
10 0.4765625 0.7947976878612717 0.14583333333333334 0.11560693641618497
