0 0.595703125 0.349609375 0.1421875 0.1015625
1 0.5859375 0.400390625 0.1421875 0.1015625
2 0.580078125 0.4453125 0.12578124999999998 0.08984375
3 0.572265625 0.490234375 0.12578124999999998 0.08984375
4 0.564453125 0.53515625 0.15859374999999998 0.11328125
5 0.568359375 0.591796875 0.15859374999999998 0.11328125
6 0.572265625 0.630859375 0.109375 0.078125
7 0.580078125 0.66796875 0.13671875 0.09765625
8 0.58984375 0.716796875 0.13671875 0.09765625
9 0.611328125 0.765625 0.13671875 0.09765625
10 0.6328125 0.80078125 0.0984375 0.0703125
