0 0.515625 0.21965317919075145 0.13125 0.10404624277456648
1 0.5078125 0.27167630057803466 0.14583333333333334 0.11560693641618497
2 0.5026041666666666 0.32947976878612717 0.14583333333333334 0.11560693641618497
3 0.4973958333333333 0.3815028901734104 0.13125 0.10404624277456648
4 0.4895833333333333 0.43352601156069365 0.14583333333333334 0.11560693641618497
5 0.4765625 0.4913294797687861 0.16041666666666665 0.12716763005780346
6 0.4609375 0.5549132947976878 0.16041666666666665 0.12716763005780346
7 0.4609375 0.6040462427745664 0.15312499999999998 0.12138728323699421
8 0.4557291666666667 0.6647398843930635 0.15312499999999998 0.12138728323699421
9 0.4557291666666667 0.7109826589595376 0.14583333333333334 0.11560693641618497
10 0.4609375 0.7687861271676301 0.14583333333333334 0.11560693641618497
