0 0.443359375 0.259765625 0.14765625 0.10546875
1 0.43359375 0.3125 0.14765625 0.10546875
2 0.4296875 0.36328125 0.15312499999999998 0.109375
3 0.42578125 0.41796875 0.15859374999999998 0.11328125
4 0.421875 0.474609375 0.15859374999999998 0.11328125
5 0.416015625 0.529296875 0.15312499999999998 0.109375
6 0.412109375 0.580078125 0.15859374999999998 0.11328125
7 0.412109375 0.63671875 0.15859374999999998 0.11328125
8 0.416015625 0.69140625 0.15312499999999998 0.109375
9 0.419921875 0.73828125 0.1421875 0.1015625
10 0.42578125 0.7890625 0.1421875 0.1015625
