0 0.53125 0.30324074074074076 0.11666666666666667 0.09259259259259259
1 0.51875 0.34953703703703703 0.13416666666666666 0.10648148148148148
2 0.5083333333333333 0.4027777777777778 0.13416666666666666 0.10648148148148148
3 0.5 0.4444444444444444 0.13999999999999999 0.1111111111111111
4 0.49166666666666664 0.5 0.13999999999999999 0.1111111111111111
5 0.4895833333333333 0.5509259259259259 0.14583333333333334 0.11574074074074074
6 0.4895833333333333 0.6087962962962963 0.14583333333333334 0.11574074074074074
7 0.49583333333333335 0.6574074074074074 0.12833333333333333 0.10185185185185185
8 0.5166666666666667 0.7083333333333334 0.12833333333333333 0.10185185185185185
9 0.5520833333333334 0.7361111111111112 0.11083333333333333 0.08796296296296297
10 0.5770833333333333 0.7800925925925926 0.11083333333333333 0.08796296296296297
