0 0.595703125 0.189453125 0.13671875 0.09765625
1 0.58984375 0.23828125 0.13671875 0.09765625
2 0.583984375 0.28515625 0.1421875 0.1015625
3 0.578125 0.3359375 0.1421875 0.1015625
4 0.5703125 0.37890625 0.14765625 0.10546875
5 0.5625 0.431640625 0.14765625 0.10546875
6 0.5546875 0.478515625 0.13671875 0.09765625
7 0.552734375 0.52734375 0.13671875 0.09765625
8 0.5546875 0.576171875 0.1421875 0.1015625
9 0.556640625 0.626953125 0.14765625 0.10546875
10 0.568359375 0.6796875 0.14765625 0.10546875
