0 0.5104166666666666 0.14450867052023122 0.13125 0.10404624277456648
1 0.5 0.19653179190751446 0.13854166666666665 0.10982658959537572
2 0.4921875 0.2514450867052023 0.13854166666666665 0.10982658959537572
3 0.4791666666666667 0.30057803468208094 0.13125 0.10404624277456648
4 0.46875 0.35260115606936415 0.15312499999999998 0.12138728323699421
5 0.4583333333333333 0.41329479768786126 0.15312499999999998 0.12138728323699421
6 0.4453125 0.47109826589595377 0.14583333333333334 0.11560693641618497
7 0.4348958333333333 0.5289017341040463 0.16041666666666665 0.12716763005780346
8 0.4322916666666667 0.5924855491329479 0.16041666666666665 0.12716763005780346
9 0.4375 0.6473988439306358 0.13854166666666665 0.10982658959537572
10 0.453125 0.6965317919075145 0.12395833333333332 0.09826589595375723
