0 0.5933333333333334 0.1796875 0.14933333333333332 0.08333333333333333
1 0.5866666666666667 0.22135416666666666 0.14933333333333332 0.08333333333333333
2 0.5766666666666667 0.2630208333333333 0.16799999999999998 0.09375
3 0.5733333333333334 0.3098958333333333 0.17733333333333332 0.09895833333333333
4 0.5633333333333334 0.359375 0.18666666666666668 0.10416666666666667
5 0.5566666666666666 0.4114583333333333 0.18666666666666668 0.10416666666666667
6 0.55 0.4557291666666667 0.18666666666666668 0.10416666666666667
7 0.5466666666666666 0.5078125 0.19599999999999998 0.109375
8 0.55 0.5625 0.19599999999999998 0.109375
9 0.5666666666666667 0.6119791666666666 0.17733333333333332 0.09895833333333333
10 0.58 0.6484375 0.13066666666666665 0.07291666666666667
