0 0.4427083333333333 0.11271676300578035 0.12395833333333332 0.09826589595375723
1 0.4375 0.16184971098265896 0.13125 0.10404624277456648
2 0.4244791666666667 0.2138728323699422 0.13125 0.10404624277456648
3 0.4192708333333333 0.26011560693641617 0.14583333333333334 0.11560693641618497
4 0.4088541666666667 0.3179190751445087 0.14583333333333334 0.11560693641618497
5 0.4114583333333333 0.37572254335260113 0.14583333333333334 0.11560693641618497
6 0.4114583333333333 0.4161849710982659 0.109375 0.08670520231213873
7 0.4114583333333333 0.4595375722543353 0.13854166666666665 0.10982658959537572
8 0.4114583333333333 0.5144508670520231 0.13854166666666665 0.10982658959537572
9 0.4270833333333333 0.5664739884393064 0.13125 0.10404624277456648
10 0.4505208333333333 0.6098265895953757 0.109375 0.08670520231213873
