0 0.5 0.37037037037037035 0.12833333333333333 0.10185185185185185
1 0.4979166666666667 0.4212962962962963 0.12833333333333333 0.10185185185185185
2 0.49375 0.4675925925925926 0.13416666666666666 0.10648148148148148
3 0.48333333333333334 0.5208333333333334 0.13416666666666666 0.10648148148148148
4 0.48125 0.5717592592592593 0.13416666666666666 0.10648148148148148
5 0.4708333333333333 0.625 0.15166666666666667 0.12037037037037036
6 0.46875 0.6851851851851852 0.15166666666666667 0.12037037037037036
7 0.46458333333333335 0.7384259259259259 0.13416666666666666 0.10648148148148148
8 0.4666666666666667 0.7916666666666666 0.13416666666666666 0.10648148148148148
9 0.47708333333333336 0.8425925925925926 0.12833333333333333 0.10185185185185185
10 0.49166666666666664 0.8773148148148148 0.0875 0.06944444444444445
