0 0.5520833333333334 0.0951276102088167 0.13416666666666666 0.10672853828306264
1 0.55 0.14849187935034802 0.13416666666666666 0.10672853828306264
2 0.5520833333333334 0.19953596287703015 0.13999999999999999 0.11136890951276102
3 0.5416666666666666 0.2552204176334107 0.13999999999999999 0.11136890951276102
4 0.5395833333333333 0.308584686774942 0.1575 0.12529002320185614
5 0.5395833333333333 0.37122969837587005 0.1575 0.12529002320185614
6 0.5375 0.4222737819025522 0.1633333333333333 0.12993039443155452
7 0.5416666666666666 0.4872389791183295 0.1633333333333333 0.12993039443155452
8 0.54375 0.5406032482598608 0.1575 0.12529002320185614
9 0.5479166666666667 0.6032482598607889 0.1575 0.12529002320185614
10 0.56875 0.6450116009280742 0.105 0.08352668213457076
