0 0.6041666666666666 0.3619791666666667 0.175 0.09375
1 0.5798611111111112 0.4088541666666667 0.175 0.09375
2 0.5555555555555556 0.4557291666666667 0.175 0.09375
3 0.5416666666666666 0.5026041666666666 0.175 0.09375
4 0.5173611111111112 0.5494791666666666 0.19444444444444445 0.10416666666666667
5 0.5069444444444444 0.6015625 0.19444444444444445 0.10416666666666667
6 0.5069444444444444 0.6536458333333334 0.20416666666666666 0.109375
7 0.5208333333333334 0.7083333333333334 0.20416666666666666 0.109375
8 0.5347222222222222 0.7578125 0.1847222222222222 0.09895833333333333
9 0.5694444444444444 0.8020833333333334 0.175 0.09375
10 0.6041666666666666 0.8489583333333334 0.175 0.09375
