0 0.5234375 0.1791907514450867 0.13125 0.10404624277456648
1 0.5182291666666666 0.23121387283236994 0.13125 0.10404624277456648
2 0.5052083333333334 0.2832369942196532 0.13125 0.10404624277456648
3 0.4921875 0.3352601156069364 0.13125 0.10404624277456648
4 0.4765625 0.3872832369942196 0.13125 0.10404624277456648
5 0.4635416666666667 0.4393063583815029 0.13125 0.10404624277456648
6 0.453125 0.4913294797687861 0.15312499999999998 0.12138728323699421
7 0.4427083333333333 0.5520231213872833 0.15312499999999998 0.12138728323699421
8 0.4401041666666667 0.6069364161849711 0.14583333333333334 0.11560693641618497
9 0.4479166666666667 0.6647398843930635 0.14583333333333334 0.11560693641618497
10 0.4557291666666667 0.7138728323699421 0.12395833333333332 0.09826589595375723
