0 0.5703125 0.1345565749235474 0.11666666666666665 0.09785932721712538
1 0.5651041666666666 0.1834862385321101 0.13854166666666665 0.1162079510703364
2 0.5520833333333334 0.2415902140672783 0.13854166666666665 0.1162079510703364
3 0.5390625 0.29357798165137616 0.16041666666666665 0.1345565749235474
4 0.5208333333333334 0.36085626911314983 0.16041666666666665 0.1345565749235474
5 0.5026041666666666 0.42201834862385323 0.14583333333333334 0.12232415902140673
6 0.4921875 0.4831804281345566 0.14583333333333334 0.12232415902140673
7 0.4791666666666667 0.5412844036697247 0.18229166666666666 0.1529051987767584
8 0.4765625 0.617737003058104 0.18229166666666666 0.1529051987767584
9 0.4791666666666667 0.6850152905198776 0.16041666666666665 0.1345565749235474
10 0.4947916666666667 0.746177370030581 0.14583333333333334 0.12232415902140673
