0 0.548828 0.322266 0.136719 0.105469
5 0.519531 0.470703 0.132812 0.0976562
4 0.517578 0.480469 0.136719 0.117188
2 0.525391 0.421875 0.152344 0.109375
1 0.537109 0.375 0.144531 0.101562
6 0.513672 0.523438 0.136719 0.09375
0 0.566406 0.248047 0.125 0.0898438
5 0.507812 0.572266 0.148438 0.113281
4 0.509766 0.521484 0.136719 0.0976562
3 0.519531 0.470703 0.140625 0.0898438
8 0.511719 0.621094 0.140625 0.101562
7 0.509766 0.570312 0.144531 0.109375
9 0.523438 0.669922 0.148438 0.0976562
10 0.541016 0.707031 0.105469 0.0703125
