1 0.605469 0.337891 0.113281 0.105469
0 0.615234 0.302734 0.109375 0.0898438
4 0.574219 0.46582 0.121094 0.115234
2 0.583008 0.428711 0.115234 0.0917969
0 0.603516 0.345703 0.101562 0.0742188
0 0.62207 0.270508 0.103516 0.0683594
4 0.584961 0.43457 0.123047 0.0839844
2 0.604492 0.347656 0.103516 0.078125
1 0.613281 0.307617 0.105469 0.0722656
5 0.577148 0.476562 0.126953 0.0859375
3 0.592773 0.389648 0.119141 0.0839844
6 0.570312 0.523438 0.125 0.09375
7 0.571289 0.567383 0.119141 0.0800781
8 0.573242 0.609375 0.115234 0.0820312
9 0.583984 0.652344 0.101562 0.0742188
10 0.591797 0.691406 0.0976562 0.0703125
