6 0.410156 0.501445 0.122396 0.130058
0 0.455729 0.254335 0.114583 0.0924855
8 0.423177 0.635838 0.111979 0.0867052
1 0.46875 0.210983 0.109375 0.0809249
0 0.476562 0.16763 0.09375 0.0751445
10 0.460938 0.715318 0.104167 0.0722543
1 0.441406 0.300578 0.117188 0.0924855
4 0.416667 0.447977 0.125 0.104046
9 0.438802 0.674855 0.117188 0.083815
3 0.419271 0.395954 0.119792 0.0982659
7 0.414062 0.593931 0.119792 0.0895954
5 0.411458 0.498555 0.130208 0.0953757
2 0.428385 0.346821 0.122396 0.0982659
6 0.410156 0.547688 0.127604 0.101156
