3 0.519531 0.333815 0.122396 0.118497
6 0.492188 0.426301 0.135417 0.112717
6 0.492188 0.530347 0.125 0.106936
3 0.545573 0.270231 0.117188 0.0895954
1 0.553385 0.265896 0.122396 0.104046
5 0.505208 0.369942 0.125 0.0982659
5 0.490885 0.476879 0.132812 0.104046
7 0.490885 0.482659 0.132812 0.115607
3 0.503906 0.368497 0.132812 0.106936
8 0.49349 0.531792 0.132812 0.109827
2 0.52474 0.313584 0.117188 0.0953757
4 0.492188 0.424856 0.135417 0.115607
0 0.565104 0.222543 0.119792 0.0982659
9 0.505208 0.57948 0.125 0.101156
10 0.532552 0.625723 0.106771 0.083815
