0 0.560546875 0.2890625 0.12031249999999999 0.0859375
1 0.546875 0.33203125 0.15312499999999998 0.109375
2 0.53125 0.38671875 0.15312499999999998 0.109375
3 0.51953125 0.421875 0.109375 0.078125
4 0.513671875 0.4609375 0.15312499999999998 0.109375
5 0.505859375 0.515625 0.15312499999999998 0.109375
6 0.505859375 0.568359375 0.14765625 0.10546875
7 0.509765625 0.611328125 0.12031249999999999 0.0859375
8 0.51953125 0.654296875 0.13671875 0.09765625
9 0.5390625 0.703125 0.13671875 0.09765625
10 0.560546875 0.74609375 0.12031249999999999 0.0859375
