0 0.6171875 0.19805194805194806 0.15312499999999998 0.13636363636363635
1 0.6171875 0.2662337662337662 0.15312499999999998 0.13636363636363635
2 0.5885416666666666 0.3116883116883117 0.13125 0.11688311688311688
3 0.5963541666666666 0.37012987012987014 0.13854166666666665 0.12337662337662338
4 0.5729166666666666 0.4318181818181818 0.13854166666666665 0.12337662337662338
5 0.5677083333333334 0.4935064935064935 0.15312499999999998 0.13636363636363635
6 0.5625 0.5616883116883117 0.15312499999999998 0.13636363636363635
7 0.5677083333333334 0.6136363636363636 0.17499999999999996 0.15584415584415584
8 0.5833333333333334 0.6915584415584416 0.17499999999999996 0.15584415584415584
9 0.59375 0.7337662337662337 0.13854166666666665 0.12337662337662338
10 0.6171875 0.7954545454545454 0.13854166666666665 0.12337662337662338
