0 0.5208333333333334 0.24537037037037038 0.0875 0.06944444444444445
1 0.5083333333333333 0.2800925925925926 0.15166666666666667 0.12037037037037036
2 0.4979166666666667 0.3402777777777778 0.15166666666666667 0.12037037037037036
3 0.49375 0.37962962962962965 0.12833333333333333 0.10185185185185185
4 0.4791666666666667 0.4305555555555556 0.12833333333333333 0.10185185185185185
5 0.4791666666666667 0.4652777777777778 0.1575 0.125
6 0.475 0.5277777777777778 0.1575 0.125
7 0.475 0.5763888888888888 0.13416666666666666 0.10648148148148148
8 0.4791666666666667 0.6296296296296297 0.13416666666666666 0.10648148148148148
9 0.4875 0.6712962962962963 0.12833333333333333 0.10185185185185185
10 0.5083333333333333 0.7222222222222222 0.12833333333333333 0.10185185185185185
