0 0.62109375 0.185546875 0.12578124999999998 0.08984375
1 0.61328125 0.23046875 0.1421875 0.1015625
2 0.6015625 0.28125 0.1421875 0.1015625
3 0.591796875 0.326171875 0.14765625 0.10546875
4 0.587890625 0.37890625 0.14765625 0.10546875
5 0.580078125 0.423828125 0.14765625 0.10546875
6 0.578125 0.4765625 0.14765625 0.10546875
7 0.578125 0.51953125 0.1640625 0.1171875
8 0.580078125 0.578125 0.1640625 0.1171875
9 0.595703125 0.626953125 0.13671875 0.09765625
10 0.619140625 0.65625 0.08203125 0.05859375
