0 0.4895833333333333 0.1329479768786127 0.13125 0.10404624277456648
1 0.4817708333333333 0.18497109826589594 0.13854166666666665 0.10982658959537572
2 0.46875 0.2398843930635838 0.13854166666666665 0.10982658959537572
3 0.4583333333333333 0.29190751445086704 0.13854166666666665 0.10982658959537572
4 0.4479166666666667 0.3468208092485549 0.13854166666666665 0.10982658959537572
5 0.4322916666666667 0.3959537572254335 0.15312499999999998 0.12138728323699421
6 0.421875 0.45664739884393063 0.15312499999999998 0.12138728323699421
7 0.4166666666666667 0.5144508670520231 0.14583333333333334 0.11560693641618497
8 0.4140625 0.5722543352601156 0.14583333333333334 0.11560693641618497
9 0.4088541666666667 0.6242774566473989 0.13125 0.10404624277456648
10 0.4140625 0.6734104046242775 0.12395833333333332 0.09826589595375723
