0 0.677734375 0.232421875 0.13124999999999998 0.09375
1 0.671875 0.279296875 0.13124999999999998 0.09375
2 0.650390625 0.322265625 0.12031249999999999 0.0859375
3 0.646484375 0.357421875 0.15312499999999998 0.109375
4 0.634765625 0.412109375 0.15312499999999998 0.109375
5 0.630859375 0.462890625 0.1421875 0.1015625
6 0.6171875 0.509765625 0.15859374999999998 0.11328125
7 0.615234375 0.56640625 0.15859374999999998 0.11328125
8 0.609375 0.599609375 0.09296874999999999 0.06640625
9 0.619140625 0.6328125 0.15312499999999998 0.109375
10 0.62109375 0.6875 0.15312499999999998 0.109375
