0 0.5572916666666666 0.23410404624277456 0.10208333333333332 0.08092485549132948
1 0.546875 0.2745664739884393 0.13854166666666665 0.10982658959537572
2 0.5364583333333334 0.32947976878612717 0.13854166666666665 0.10982658959537572
3 0.5208333333333334 0.3815028901734104 0.13125 0.10404624277456648
4 0.5130208333333334 0.430635838150289 0.13125 0.10404624277456648
5 0.5026041666666666 0.48265895953757226 0.13854166666666665 0.10982658959537572
6 0.4973958333333333 0.5375722543352601 0.13854166666666665 0.10982658959537572
7 0.5 0.5924855491329479 0.13854166666666665 0.10982658959537572
8 0.515625 0.6445086705202312 0.14583333333333334 0.11560693641618497
9 0.5286458333333334 0.7023121387283237 0.14583333333333334 0.11560693641618497
10 0.5520833333333334 0.7485549132947977 0.11666666666666665 0.09248554913294797
