0 0.625 0.23046875 0.0984375 0.0703125
1 0.6171875 0.265625 0.1640625 0.1171875
2 0.62109375 0.32421875 0.1640625 0.1171875
3 0.62109375 0.359375 0.13124999999999998 0.09375
4 0.59765625 0.40625 0.13124999999999998 0.09375
5 0.59765625 0.453125 0.1421875 0.1015625
6 0.5859375 0.50390625 0.1421875 0.1015625
7 0.59375 0.55078125 0.13124999999999998 0.09375
8 0.5859375 0.59375 0.13124999999999998 0.09375
9 0.59765625 0.640625 0.13124999999999998 0.09375
10 0.60546875 0.68359375 0.12031249999999999 0.0859375
