0 0.5677083333333334 0.21965317919075145 0.12395833333333332 0.09826589595375723
1 0.5625 0.26878612716763006 0.15312499999999998 0.12138728323699421
2 0.5442708333333334 0.32947976878612717 0.15312499999999998 0.12138728323699421
3 0.53125 0.3815028901734104 0.14583333333333334 0.11560693641618497
4 0.5208333333333334 0.4393063583815029 0.14583333333333334 0.11560693641618497
5 0.515625 0.4913294797687861 0.18229166666666666 0.14450867052023122
6 0.5052083333333334 0.5635838150289018 0.18229166666666666 0.14450867052023122
7 0.5078125 0.6213872832369942 0.15312499999999998 0.12138728323699421
8 0.5026041666666666 0.6820809248554913 0.15312499999999998 0.12138728323699421
9 0.5 0.7196531791907514 0.18229166666666666 0.14450867052023122
10 0.5026041666666666 0.791907514450867 0.18229166666666666 0.14450867052023122
