0 0.56875 0.2662037037037037 0.1225 0.09722222222222222
1 0.5583333333333333 0.3148148148148148 0.1225 0.09722222222222222
2 0.5416666666666666 0.36342592592592593 0.1225 0.09722222222222222
3 0.5125 0.4097222222222222 0.14583333333333334 0.11574074074074074
4 0.5020833333333333 0.4675925925925926 0.14583333333333334 0.11574074074074074
5 0.48541666666666666 0.5231481481481481 0.13999999999999999 0.1111111111111111
6 0.4708333333333333 0.5787037037037037 0.1575 0.125
7 0.4666666666666667 0.6412037037037037 0.1575 0.125
8 0.46458333333333335 0.6851851851851852 0.1575 0.125
9 0.475 0.7476851851851852 0.1575 0.125
10 0.48125 0.7939814814814815 0.11666666666666667 0.09259259259259259
