0 0.5182291666666666 0.21676300578034682 0.13125 0.10404624277456648
1 0.5104166666666666 0.26878612716763006 0.13125 0.10404624277456648
2 0.5078125 0.3208092485549133 0.13125 0.10404624277456648
3 0.5 0.3670520231213873 0.12395833333333332 0.09826589595375723
4 0.4947916666666667 0.4161849710982659 0.12395833333333332 0.09826589595375723
5 0.4921875 0.4624277456647399 0.14583333333333334 0.11560693641618497
6 0.4869791666666667 0.5202312138728323 0.14583333333333334 0.11560693641618497
7 0.4869791666666667 0.5780346820809249 0.14583333333333334 0.11560693641618497
8 0.484375 0.6184971098265896 0.13854166666666665 0.10982658959537572
9 0.4869791666666667 0.6734104046242775 0.13854166666666665 0.10982658959537572
10 0.4973958333333333 0.7167630057803468 0.109375 0.08670520231213873
