0 0.4791666666666667 0.3516819571865443 0.12395833333333332 0.10397553516819572
1 0.4739583333333333 0.4036697247706422 0.12395833333333332 0.10397553516819572
2 0.4505208333333333 0.4525993883792049 0.13125 0.11009174311926606
3 0.4375 0.5076452599388379 0.13125 0.11009174311926606
4 0.4244791666666667 0.5504587155963303 0.12395833333333332 0.10397553516819572
5 0.4192708333333333 0.6024464831804281 0.13125 0.11009174311926606
6 0.4140625 0.6574923547400612 0.13125 0.11009174311926606
7 0.4192708333333333 0.7125382262996942 0.13125 0.11009174311926606
8 0.4244791666666667 0.764525993883792 0.15312499999999998 0.12844036697247707
9 0.4375 0.8287461773700305 0.15312499999999998 0.12844036697247707
10 0.453125 0.8868501529051988 0.13854166666666665 0.1162079510703364
