0 0.52734375 0.2734375 0.13124999999999998 0.09375
1 0.5234375 0.3203125 0.13124999999999998 0.09375
2 0.515625 0.359375 0.1421875 0.1015625
3 0.51171875 0.41015625 0.1421875 0.1015625
4 0.50390625 0.453125 0.12031249999999999 0.0859375
5 0.50390625 0.49609375 0.1421875 0.1015625
6 0.50390625 0.546875 0.1421875 0.1015625
7 0.50390625 0.59375 0.13124999999999998 0.09375
8 0.5078125 0.640625 0.13124999999999998 0.09375
9 0.515625 0.6875 0.13124999999999998 0.09375
10 0.52734375 0.73046875 0.12031249999999999 0.0859375
