0 0.6276041666666666 0.1590909090909091 0.14583333333333334 0.12987012987012986
1 0.6171875 0.22402597402597402 0.14583333333333334 0.12987012987012986
2 0.5989583333333334 0.2857142857142857 0.13854166666666665 0.12337662337662338
3 0.5885416666666666 0.33766233766233766 0.13854166666666665 0.12337662337662338
4 0.5729166666666666 0.39935064935064934 0.16041666666666665 0.14285714285714285
5 0.578125 0.4707792207792208 0.196875 0.17532467532467533
6 0.5729166666666666 0.5584415584415584 0.196875 0.17532467532467533
7 0.578125 0.6103896103896104 0.13125 0.11688311688311688
8 0.5833333333333334 0.6688311688311688 0.16041666666666665 0.14285714285714285
9 0.5963541666666666 0.7402597402597403 0.16041666666666665 0.14285714285714285
10 0.6171875 0.7922077922077922 0.11666666666666665 0.1038961038961039
