0 0.5494791666666666 0.21965317919075145 0.13125 0.10404624277456648
1 0.5234375 0.27167630057803466 0.15312499999999998 0.12138728323699421
2 0.5052083333333334 0.33236994219653176 0.15312499999999998 0.12138728323699421
3 0.4973958333333333 0.3872832369942196 0.17499999999999996 0.13872832369942195
4 0.4817708333333333 0.45664739884393063 0.18229166666666666 0.14450867052023122
5 0.4817708333333333 0.5289017341040463 0.18229166666666666 0.14450867052023122
6 0.4739583333333333 0.5924855491329479 0.18958333333333333 0.15028901734104047
7 0.4765625 0.6676300578034682 0.18958333333333333 0.15028901734104047
8 0.484375 0.7254335260115607 0.14583333333333334 0.11560693641618497
9 0.5052083333333334 0.7832369942196532 0.14583333333333334 0.11560693641618497
