0 0.44166666666666665 0.19212962962962962 0.13416666666666666 0.10648148148148148
1 0.43333333333333335 0.24537037037037038 0.13416666666666666 0.10648148148148148
2 0.42291666666666666 0.2916666666666667 0.12833333333333333 0.10185185185185185
3 0.41041666666666665 0.3425925925925926 0.13999999999999999 0.1111111111111111
4 0.39791666666666664 0.39814814814814814 0.13999999999999999 0.1111111111111111
5 0.38958333333333334 0.4537037037037037 0.13999999999999999 0.1111111111111111
6 0.38125 0.5092592592592593 0.15166666666666667 0.12037037037037036
7 0.37916666666666665 0.5694444444444444 0.15166666666666667 0.12037037037037036
8 0.39375 0.6296296296296297 0.15166666666666667 0.12037037037037036
9 0.41458333333333336 0.6851851851851852 0.13999999999999999 0.1111111111111111
10 0.44166666666666665 0.7222222222222222 0.09333333333333332 0.07407407407407407
