0 0.54375 0.26157407407407407 0.105 0.08333333333333333
1 0.5395833333333333 0.30324074074074076 0.1225 0.09722222222222222
2 0.5229166666666667 0.35185185185185186 0.12833333333333333 0.10185185185185185
3 0.5125 0.4027777777777778 0.14583333333333334 0.11574074074074074
4 0.49583333333333335 0.46064814814814814 0.14583333333333334 0.11574074074074074
5 0.48541666666666666 0.5092592592592593 0.13999999999999999 0.1111111111111111
6 0.48333333333333334 0.5648148148148148 0.14583333333333334 0.11574074074074074
7 0.48333333333333334 0.6226851851851852 0.14583333333333334 0.11574074074074074
8 0.48333333333333334 0.6782407407407407 0.13999999999999999 0.1111111111111111
9 0.4895833333333333 0.7268518518518519 0.13416666666666666 0.10648148148148148
10 0.4895833333333333 0.7800925925925926 0.13416666666666666 0.10648148148148148
