0 0.5442708333333334 0.24277456647398843 0.09479166666666666 0.07514450867052024
1 0.5390625 0.28034682080924855 0.16041666666666665 0.12716763005780346
2 0.5234375 0.3439306358381503 0.16041666666666665 0.12716763005780346
3 0.5104166666666666 0.3930635838150289 0.12395833333333332 0.09826589595375723
4 0.5 0.4393063583815029 0.14583333333333334 0.11560693641618497
5 0.4947916666666667 0.49710982658959535 0.14583333333333334 0.11560693641618497
6 0.4921875 0.5491329479768786 0.16770833333333332 0.1329479768786127
7 0.4947916666666667 0.615606936416185 0.16770833333333332 0.1329479768786127
8 0.4973958333333333 0.661849710982659 0.13854166666666665 0.10982658959537572
9 0.5182291666666666 0.7167630057803468 0.13854166666666665 0.10982658959537572
10 0.5338541666666666 0.7572254335260116 0.10208333333333332 0.08092485549132948
