0 0.5390625 0.18497109826589594 0.15312499999999998 0.12138728323699421
1 0.53125 0.24566473988439305 0.15312499999999998 0.12138728323699421
2 0.4921875 0.29190751445086704 0.12395833333333332 0.09826589595375723
3 0.4791666666666667 0.34104046242774566 0.18958333333333333 0.15028901734104047
4 0.4739583333333333 0.4161849710982659 0.18958333333333333 0.15028901734104047
5 0.4583333333333333 0.4624277456647399 0.2114583333333333 0.1676300578034682
6 0.4661458333333333 0.546242774566474 0.2114583333333333 0.1676300578034682
7 0.4635416666666667 0.5953757225433526 0.16770833333333332 0.1329479768786127
8 0.4713541666666667 0.661849710982659 0.16770833333333332 0.1329479768786127
9 0.4869791666666667 0.7138728323699421 0.13125 0.10404624277456648
10 0.5208333333333334 0.7630057803468208 0.12395833333333332 0.09826589595375723
