0 0.4791666666666667 0.2138728323699422 0.13125 0.10404624277456648
1 0.46875 0.2658959537572254 0.13125 0.10404624277456648
2 0.4635416666666667 0.315028901734104 0.14583333333333334 0.11560693641618497
3 0.4557291666666667 0.37283236994219654 0.14583333333333334 0.11560693641618497
4 0.4479166666666667 0.430635838150289 0.14583333333333334 0.11560693641618497
5 0.4375 0.4884393063583815 0.14583333333333334 0.11560693641618497
6 0.4375 0.546242774566474 0.16770833333333332 0.1329479768786127
7 0.4375 0.6127167630057804 0.16770833333333332 0.1329479768786127
8 0.4453125 0.6676300578034682 0.13854166666666665 0.10982658959537572
9 0.4479166666666667 0.7196531791907514 0.15312499999999998 0.12138728323699421
10 0.4765625 0.7803468208092486 0.15312499999999998 0.12138728323699421
