0 0.5354166666666667 0.15046296296296297 0.14583333333333334 0.11574074074074074
1 0.5229166666666667 0.20833333333333334 0.14583333333333334 0.11574074074074074
2 0.5125 0.26157407407407407 0.13416666666666666 0.10648148148148148
3 0.5041666666666667 0.3148148148148148 0.15166666666666667 0.12037037037037036
4 0.4979166666666667 0.375 0.15166666666666667 0.12037037037037036
5 0.49375 0.4305555555555556 0.1575 0.125
6 0.4875 0.4930555555555556 0.1575 0.125
7 0.48125 0.5486111111111112 0.175 0.1388888888888889
8 0.48541666666666666 0.6180555555555556 0.175 0.1388888888888889
9 0.4875 0.6805555555555556 0.1575 0.125
10 0.50625 0.7407407407407407 0.15166666666666667 0.12037037037037036
