0 0.53125 0.27734375 0.13124999999999998 0.09375
1 0.5234375 0.32421875 0.13124999999999998 0.09375
2 0.51953125 0.37109375 0.1421875 0.1015625
3 0.515625 0.421875 0.1421875 0.1015625
4 0.51171875 0.46484375 0.15312499999999998 0.109375
5 0.51171875 0.51953125 0.15312499999999998 0.109375
6 0.5078125 0.55859375 0.1421875 0.1015625
7 0.5078125 0.609375 0.1421875 0.1015625
8 0.5078125 0.65625 0.13124999999999998 0.09375
9 0.5078125 0.703125 0.15312499999999998 0.109375
10 0.515625 0.7578125 0.15312499999999998 0.109375
