0 0.603515625 0.345703125 0.13124999999999998 0.09375
1 0.587890625 0.392578125 0.13124999999999998 0.09375
2 0.5703125 0.431640625 0.1421875 0.1015625
3 0.560546875 0.482421875 0.1421875 0.1015625
4 0.556640625 0.53125 0.13671875 0.09765625
5 0.55859375 0.576171875 0.13124999999999998 0.09375
6 0.564453125 0.623046875 0.13671875 0.09765625
7 0.576171875 0.671875 0.13671875 0.09765625
8 0.5859375 0.712890625 0.11484375 0.08203125
9 0.6015625 0.75 0.12578124999999998 0.08984375
10 0.62109375 0.794921875 0.12578124999999998 0.08984375
