0 0.55 0.24074074074074073 0.105 0.08333333333333333
1 0.5479166666666667 0.2824074074074074 0.13999999999999999 0.1111111111111111
2 0.5375 0.33796296296296297 0.13999999999999999 0.1111111111111111
3 0.5291666666666667 0.3888888888888889 0.13416666666666666 0.10648148148148148
4 0.5145833333333333 0.44212962962962965 0.13416666666666666 0.10648148148148148
5 0.5041666666666667 0.4930555555555556 0.13416666666666666 0.10648148148148148
6 0.49375 0.5462962962962963 0.13999999999999999 0.1111111111111111
7 0.49166666666666664 0.6018518518518519 0.13999999999999999 0.1111111111111111
8 0.48541666666666666 0.6550925925925926 0.13416666666666666 0.10648148148148148
9 0.48541666666666666 0.7083333333333334 0.15166666666666667 0.12037037037037036
10 0.49375 0.7685185185185185 0.15166666666666667 0.12037037037037036
