0 0.576171875 0.236328125 0.13124999999999998 0.09375
1 0.55859375 0.283203125 0.13124999999999998 0.09375
2 0.544921875 0.322265625 0.13124999999999998 0.09375
3 0.5390625 0.369140625 0.13124999999999998 0.09375
4 0.51953125 0.41015625 0.14765625 0.10546875
5 0.5234375 0.462890625 0.14765625 0.10546875
6 0.5234375 0.505859375 0.1421875 0.1015625
7 0.515625 0.556640625 0.1421875 0.1015625
8 0.521484375 0.603515625 0.13124999999999998 0.09375
9 0.52734375 0.642578125 0.13671875 0.09765625
10 0.548828125 0.69140625 0.13671875 0.09765625
