0 0.5625 0.14739884393063585 0.14583333333333334 0.11560693641618497
1 0.5598958333333334 0.20520231213872833 0.14583333333333334 0.11560693641618497
2 0.5598958333333334 0.2630057803468208 0.14583333333333334 0.11560693641618497
3 0.546875 0.31213872832369943 0.14583333333333334 0.11560693641618497
4 0.5416666666666666 0.3699421965317919 0.14583333333333334 0.11560693641618497
5 0.5286458333333334 0.4277456647398844 0.14583333333333334 0.11560693641618497
6 0.5130208333333334 0.4797687861271676 0.15312499999999998 0.12138728323699421
7 0.5130208333333334 0.5404624277456648 0.15312499999999998 0.12138728323699421
8 0.5078125 0.5982658959537572 0.14583333333333334 0.11560693641618497
9 0.5260416666666666 0.6502890173410405 0.16041666666666665 0.12716763005780346
10 0.53125 0.7138728323699421 0.16041666666666665 0.12716763005780346
