0 0.61328125 0.3671875 0.12031249999999999 0.0859375
1 0.60546875 0.41015625 0.13124999999999998 0.09375
2 0.58984375 0.45703125 0.13124999999999998 0.09375
3 0.578125 0.50390625 0.1421875 0.1015625
4 0.57421875 0.5546875 0.1421875 0.1015625
5 0.56640625 0.6015625 0.13124999999999998 0.09375
6 0.5703125 0.6484375 0.13124999999999998 0.09375
7 0.5703125 0.6953125 0.13124999999999998 0.09375
8 0.56640625 0.7421875 0.13124999999999998 0.09375
9 0.58203125 0.78125 0.1421875 0.1015625
10 0.59375 0.83203125 0.1421875 0.1015625
