0 0.546875 0.2658959537572254 0.09479166666666666 0.07514450867052024
1 0.5442708333333334 0.30346820809248554 0.16770833333333332 0.1329479768786127
2 0.5260416666666666 0.3699421965317919 0.16770833333333332 0.1329479768786127
3 0.5208333333333334 0.41329479768786126 0.14583333333333334 0.11560693641618497
4 0.4973958333333333 0.47109826589595377 0.14583333333333334 0.11560693641618497
5 0.5052083333333334 0.5086705202312138 0.17499999999999996 0.13872832369942195
6 0.4947916666666667 0.5780346820809249 0.17499999999999996 0.13872832369942195
7 0.5026041666666666 0.6242774566473989 0.16041666666666665 0.12716763005780346
8 0.4947916666666667 0.6878612716763006 0.16041666666666665 0.12716763005780346
9 0.4973958333333333 0.7427745664739884 0.15312499999999998 0.12138728323699421
10 0.5130208333333334 0.8034682080924855 0.15312499999999998 0.12138728323699421
