0 0.6276041666666666 0.1791907514450867 0.13125 0.10404624277456648
1 0.6067708333333334 0.23121387283236994 0.13125 0.10404624277456648
2 0.59375 0.2774566473988439 0.13125 0.10404624277456648
3 0.5755208333333334 0.32947976878612717 0.16041666666666665 0.12716763005780346
4 0.5598958333333334 0.3930635838150289 0.16041666666666665 0.12716763005780346
5 0.5208333333333334 0.4277456647398844 0.16770833333333332 0.1329479768786127
6 0.5078125 0.49421965317919075 0.16770833333333332 0.1329479768786127
7 0.4947916666666667 0.5606936416184971 0.16770833333333332 0.1329479768786127
8 0.4869791666666667 0.6127167630057804 0.13854166666666665 0.10982658959537572
9 0.484375 0.6676300578034682 0.14583333333333334 0.11560693641618497
10 0.5 0.7254335260115607 0.14583333333333334 0.11560693641618497
