0 0.5104166666666666 0.2934472934472934 0.11666666666666667 0.11396011396011396
1 0.4979166666666667 0.3504273504273504 0.11666666666666667 0.11396011396011396
2 0.4895833333333333 0.4045584045584046 0.15166666666666667 0.14814814814814814
3 0.48125 0.47863247863247865 0.15166666666666667 0.14814814814814814
4 0.4791666666666667 0.5441595441595442 0.13416666666666666 0.13105413105413105
5 0.4895833333333333 0.6096866096866097 0.15166666666666667 0.14814814814814814
6 0.50625 0.6837606837606838 0.15166666666666667 0.14814814814814814
7 0.5354166666666667 0.7407407407407407 0.11666666666666667 0.11396011396011396
8 0.56875 0.792022792022792 0.105 0.10256410256410256
9 0.6145833333333334 0.8233618233618234 0.06416666666666666 0.06267806267806268
10 0.6416666666666667 0.8376068376068376 0.029166666666666667 0.02849002849002849
