0 0.5078125 0.24277456647398843 0.12395833333333332 0.09826589595375723
1 0.4869791666666667 0.29190751445086704 0.12395833333333332 0.09826589595375723
2 0.4765625 0.33815028901734107 0.12395833333333332 0.09826589595375723
3 0.4609375 0.3872832369942196 0.12395833333333332 0.09826589595375723
4 0.4583333333333333 0.430635838150289 0.14583333333333334 0.11560693641618497
5 0.4557291666666667 0.4884393063583815 0.14583333333333334 0.11560693641618497
6 0.4557291666666667 0.5375722543352601 0.12395833333333332 0.09826589595375723
7 0.4583333333333333 0.5867052023121387 0.12395833333333332 0.09826589595375723
8 0.4765625 0.6271676300578035 0.109375 0.08670520231213873
9 0.4921875 0.6705202312138728 0.109375 0.08670520231213873
10 0.5052083333333334 0.7109826589595376 0.10208333333333332 0.08092485549132948
