0 0.5416666666666666 0.2138728323699422 0.15312499999999998 0.12138728323699421
1 0.5338541666666666 0.2745664739884393 0.15312499999999998 0.12138728323699421
2 0.5182291666666666 0.32947976878612717 0.14583333333333334 0.11560693641618497
3 0.5026041666666666 0.3872832369942196 0.14583333333333334 0.11560693641618497
4 0.5026041666666666 0.4421965317919075 0.13854166666666665 0.10982658959537572
5 0.4895833333333333 0.49710982658959535 0.13854166666666665 0.10982658959537572
6 0.4947916666666667 0.5520231213872833 0.15312499999999998 0.12138728323699421
7 0.4921875 0.6127167630057804 0.17499999999999996 0.13872832369942195
8 0.5 0.6820809248554913 0.17499999999999996 0.13872832369942195
9 0.4921875 0.7427745664739884 0.15312499999999998 0.12138728323699421
10 0.5130208333333334 0.7803468208092486 0.09479166666666666 0.07514450867052024
