0 0.5208333333333334 0.21406727828746178 0.13125 0.11009174311926606
1 0.5026041666666666 0.2691131498470948 0.13125 0.11009174311926606
2 0.4921875 0.3149847094801223 0.13125 0.11009174311926606
3 0.4713541666666667 0.37003058103975534 0.13125 0.11009174311926606
4 0.4505208333333333 0.42201834862385323 0.13125 0.11009174311926606
5 0.4375 0.47706422018348627 0.15312499999999998 0.12844036697247707
6 0.4270833333333333 0.5412844036697247 0.15312499999999998 0.12844036697247707
7 0.4192708333333333 0.6024464831804281 0.14583333333333334 0.12232415902140673
8 0.4192708333333333 0.6636085626911316 0.16770833333333332 0.14067278287461774
9 0.4270833333333333 0.7339449541284404 0.16770833333333332 0.14067278287461774
10 0.4453125 0.7828746177370031 0.11666666666666665 0.09785932721712538
