0 0.490234375 0.232421875 0.13671875 0.09765625
1 0.482421875 0.28125 0.13671875 0.09765625
2 0.4765625 0.32421875 0.13124999999999998 0.09375
3 0.46484375 0.37109375 0.13124999999999998 0.09375
4 0.455078125 0.416015625 0.13671875 0.09765625
5 0.451171875 0.46484375 0.13671875 0.09765625
6 0.4375 0.505859375 0.15859374999999998 0.11328125
7 0.44140625 0.5625 0.15859374999999998 0.11328125
8 0.4453125 0.603515625 0.14765625 0.10546875
9 0.455078125 0.65625 0.14765625 0.10546875
10 0.466796875 0.69921875 0.12031249999999999 0.0859375
