0 0.5416666666666666 0.24566473988439305 0.13125 0.10404624277456648
1 0.5338541666666666 0.2976878612716763 0.13125 0.10404624277456648
2 0.515625 0.34971098265895956 0.14583333333333334 0.11560693641618497
3 0.5104166666666666 0.407514450867052 0.14583333333333334 0.11560693641618497
4 0.5104166666666666 0.4479768786127168 0.13854166666666665 0.10982658959537572
5 0.4921875 0.5028901734104047 0.13854166666666665 0.10982658959537572
6 0.484375 0.5549132947976878 0.13125 0.10404624277456648
7 0.484375 0.5953757225433526 0.16770833333333332 0.1329479768786127
8 0.4739583333333333 0.661849710982659 0.16770833333333332 0.1329479768786127
9 0.4817708333333333 0.7109826589595376 0.16041666666666665 0.12716763005780346
10 0.484375 0.7745664739884393 0.16041666666666665 0.12716763005780346
