0 0.47708333333333336 0.3101851851851852 0.09916666666666665 0.0787037037037037
1 0.46458333333333335 0.34953703703703703 0.12833333333333333 0.10185185185185185
2 0.46041666666666664 0.40046296296296297 0.12833333333333333 0.10185185185185185
3 0.45625 0.44675925925925924 0.1575 0.125
4 0.4479166666666667 0.5092592592592593 0.1575 0.125
5 0.45625 0.5578703703703703 0.14583333333333334 0.11574074074074074
6 0.45208333333333334 0.6157407407407407 0.14583333333333334 0.11574074074074074
7 0.46041666666666664 0.6504629629629629 0.12833333333333333 0.10185185185185185
8 0.47291666666666665 0.7013888888888888 0.12833333333333333 0.10185185185185185
9 0.48125 0.7291666666666666 0.11083333333333333 0.08796296296296297
10 0.5083333333333333 0.7731481481481481 0.11083333333333333 0.08796296296296297
