0 0.49375 0.2199074074074074 0.09916666666666665 0.0787037037037037
1 0.48333333333333334 0.25925925925925924 0.13999999999999999 0.1111111111111111
2 0.4708333333333333 0.3148148148148148 0.13999999999999999 0.1111111111111111
3 0.46041666666666664 0.3680555555555556 0.13416666666666666 0.10648148148148148
4 0.45416666666666666 0.4097222222222222 0.12833333333333333 0.10185185185185185
5 0.45 0.46064814814814814 0.12833333333333333 0.10185185185185185
6 0.44583333333333336 0.5092592592592593 0.13416666666666666 0.10648148148148148
7 0.44166666666666665 0.5625 0.13416666666666666 0.10648148148148148
8 0.45 0.6041666666666666 0.14583333333333334 0.11574074074074074
9 0.46458333333333335 0.6620370370370371 0.14583333333333334 0.11574074074074074
10 0.48125 0.7060185185185185 0.11083333333333333 0.08796296296296297
