0 0.50390625 0.224609375 0.16953125 0.12109375
1 0.50390625 0.28515625 0.16953125 0.12109375
2 0.50390625 0.333984375 0.15859374999999998 0.11328125
3 0.5 0.390625 0.15859374999999998 0.11328125
4 0.4921875 0.443359375 0.18046874999999998 0.12890625
5 0.48828125 0.5078125 0.18046874999999998 0.12890625
6 0.4921875 0.564453125 0.15859374999999998 0.11328125
7 0.4921875 0.62109375 0.18046874999999998 0.12890625
8 0.49609375 0.685546875 0.18046874999999998 0.12890625
9 0.5 0.75 0.18046874999999998 0.12890625
10 0.51171875 0.806640625 0.15859374999999998 0.11328125
