0 0.46875 0.23410404624277456 0.12395833333333332 0.09826589595375723
1 0.4505208333333333 0.2832369942196532 0.12395833333333332 0.09826589595375723
2 0.4505208333333333 0.32947976878612717 0.11666666666666665 0.09248554913294797
3 0.4453125 0.3670520231213873 0.14583333333333334 0.11560693641618497
4 0.4296875 0.42485549132947975 0.16770833333333332 0.1329479768786127
5 0.4244791666666667 0.4913294797687861 0.16770833333333332 0.1329479768786127
6 0.4192708333333333 0.5375722543352601 0.11666666666666665 0.09248554913294797
7 0.4088541666666667 0.5780346820809249 0.16770833333333332 0.1329479768786127
8 0.4010416666666667 0.6445086705202312 0.16770833333333332 0.1329479768786127
9 0.4010416666666667 0.6994219653179191 0.16770833333333332 0.1329479768786127
10 0.4036458333333333 0.7658959537572254 0.16770833333333332 0.1329479768786127
