0 0.5651041666666666 0.24277456647398843 0.13125 0.10404624277456648
1 0.5494791666666666 0.2947976878612717 0.13125 0.10404624277456648
2 0.5390625 0.3439306358381503 0.13125 0.10404624277456648
3 0.5338541666666666 0.3959537572254335 0.13854166666666665 0.10982658959537572
4 0.5234375 0.4508670520231214 0.13854166666666665 0.10982658959537572
5 0.5182291666666666 0.5028901734104047 0.15312499999999998 0.12138728323699421
6 0.5078125 0.5635838150289018 0.16041666666666665 0.12716763005780346
7 0.5052083333333334 0.6271676300578035 0.16041666666666665 0.12716763005780346
8 0.5052083333333334 0.6791907514450867 0.13854166666666665 0.10982658959537572
9 0.5104166666666666 0.7341040462427746 0.17499999999999996 0.13872832369942195
10 0.5286458333333334 0.8034682080924855 0.17499999999999996 0.13872832369942195
