0 0.6171875 0.2890625 0.12578124999999998 0.08984375
1 0.62890625 0.333984375 0.12578124999999998 0.08984375
2 0.60546875 0.373046875 0.109375 0.078125
3 0.607421875 0.408203125 0.12031249999999999 0.0859375
4 0.6015625 0.451171875 0.12031249999999999 0.0859375
5 0.59765625 0.484375 0.12031249999999999 0.0859375
6 0.587890625 0.52734375 0.13124999999999998 0.09375
7 0.5859375 0.57421875 0.13124999999999998 0.09375
8 0.578125 0.60546875 0.10390624999999999 0.07421875
9 0.591796875 0.642578125 0.15312499999999998 0.109375
10 0.5859375 0.697265625 0.15312499999999998 0.109375
