0 0.46484375 0.265625 0.175 0.125
1 0.45703125 0.328125 0.175 0.125
2 0.45703125 0.376953125 0.13671875 0.09765625
3 0.45703125 0.421875 0.1421875 0.1015625
4 0.455078125 0.47265625 0.1421875 0.1015625
5 0.462890625 0.515625 0.13124999999999998 0.09375
6 0.45703125 0.5625 0.14765625 0.10546875
7 0.46484375 0.615234375 0.14765625 0.10546875
8 0.466796875 0.6640625 0.15859374999999998 0.11328125
9 0.474609375 0.720703125 0.15859374999999998 0.11328125
10 0.486328125 0.763671875 0.12031249999999999 0.0859375
