0 0.4921875 0.2138728323699422 0.13854166666666665 0.10982658959537572
1 0.4895833333333333 0.26878612716763006 0.13854166666666665 0.10982658959537572
2 0.4869791666666667 0.3236994219653179 0.13854166666666665 0.10982658959537572
3 0.4765625 0.3786127167630058 0.14583333333333334 0.11560693641618497
4 0.4661458333333333 0.43641618497109824 0.16041666666666665 0.12716763005780346
5 0.4583333333333333 0.5 0.16041666666666665 0.12716763005780346
6 0.4427083333333333 0.5606936416184971 0.15312499999999998 0.12138728323699421
7 0.4375 0.6184971098265896 0.16041666666666665 0.12716763005780346
8 0.4375 0.6820809248554913 0.16041666666666665 0.12716763005780346
9 0.4427083333333333 0.7456647398843931 0.16041666666666665 0.12716763005780346
10 0.4505208333333333 0.8034682080924855 0.14583333333333334 0.11560693641618497
