0 0.58203125 0.296875 0.12031249999999999 0.0859375
1 0.5703125 0.33984375 0.1421875 0.1015625
2 0.56640625 0.390625 0.1421875 0.1015625
3 0.5546875 0.42578125 0.1640625 0.1171875
4 0.55078125 0.484375 0.1640625 0.1171875
5 0.55078125 0.52734375 0.1640625 0.1171875
6 0.5546875 0.5859375 0.1640625 0.1171875
7 0.5625 0.62890625 0.15312499999999998 0.109375
8 0.56640625 0.68359375 0.15312499999999998 0.109375
9 0.59375 0.71484375 0.13124999999999998 0.09375
10 0.6171875 0.76171875 0.13124999999999998 0.09375
