0 0.5052083333333334 0.37283236994219654 0.109375 0.08670520231213873
1 0.4973958333333333 0.4161849710982659 0.11666666666666665 0.09248554913294797
2 0.4869791666666667 0.4624277456647399 0.11666666666666665 0.09248554913294797
3 0.4739583333333333 0.5028901734104047 0.12395833333333332 0.09826589595375723
4 0.4661458333333333 0.5520231213872833 0.12395833333333332 0.09826589595375723
5 0.453125 0.5953757225433526 0.109375 0.08670520231213873
6 0.4453125 0.638728323699422 0.11666666666666665 0.09248554913294797
7 0.4348958333333333 0.684971098265896 0.12395833333333332 0.09826589595375723
8 0.4322916666666667 0.7341040462427746 0.12395833333333332 0.09826589595375723
9 0.4348958333333333 0.7803468208092486 0.11666666666666665 0.09248554913294797
10 0.4453125 0.8265895953757225 0.11666666666666665 0.09248554913294797
