0 0.4921875 0.294921875 0.12031249999999999 0.0859375
1 0.48046875 0.337890625 0.12578124999999998 0.08984375
2 0.4609375 0.3828125 0.1421875 0.1015625
3 0.4453125 0.43359375 0.1421875 0.1015625
4 0.4375 0.484375 0.1421875 0.1015625
5 0.4296875 0.529296875 0.1640625 0.1171875
6 0.4296875 0.587890625 0.1640625 0.1171875
7 0.431640625 0.640625 0.15312499999999998 0.109375
8 0.447265625 0.6953125 0.15312499999999998 0.109375
9 0.45703125 0.740234375 0.12578124999999998 0.08984375
10 0.482421875 0.78515625 0.12578124999999998 0.08984375
