0 0.5208333333333334 0.3988439306358382 0.12395833333333332 0.09826589595375723
1 0.5078125 0.4479768786127168 0.13125 0.10404624277456648
2 0.4973958333333333 0.5 0.13125 0.10404624277456648
3 0.4895833333333333 0.546242774566474 0.12395833333333332 0.09826589595375723
4 0.484375 0.5953757225433526 0.12395833333333332 0.09826589595375723
5 0.4791666666666667 0.6416184971098265 0.13125 0.10404624277456648
6 0.4817708333333333 0.6936416184971098 0.13854166666666665 0.10982658959537572
7 0.484375 0.7485549132947977 0.13854166666666665 0.10982658959537572
8 0.4973958333333333 0.8005780346820809 0.13125 0.10404624277456648
9 0.5104166666666666 0.846820809248555 0.11666666666666665 0.09248554913294797
10 0.5234375 0.8815028901734104 0.08749999999999998 0.06936416184971098
