0 0.6145833333333334 0.1994219653179191 0.13125 0.10404624277456648
1 0.5859375 0.2514450867052023 0.13125 0.10404624277456648
2 0.5651041666666666 0.29190751445086704 0.15312499999999998 0.12138728323699421
3 0.5494791666666666 0.35260115606936415 0.15312499999999998 0.12138728323699421
4 0.5234375 0.3959537572254335 0.14583333333333334 0.11560693641618497
5 0.5130208333333334 0.45375722543352603 0.14583333333333334 0.11560693641618497
6 0.5052083333333334 0.5028901734104047 0.12395833333333332 0.09826589595375723
7 0.4921875 0.5520231213872833 0.13854166666666665 0.10982658959537572
8 0.5 0.6069364161849711 0.13854166666666665 0.10982658959537572
9 0.5104166666666666 0.6560693641618497 0.13125 0.10404624277456648
10 0.5260416666666666 0.708092485549133 0.13125 0.10404624277456648
