0 0.5651041666666666 0.20489296636085627 0.11666666666666665 0.09785932721712538
1 0.5546875 0.25382262996941896 0.12395833333333332 0.10397553516819572
2 0.5416666666666666 0.3058103975535168 0.13125 0.11009174311926606
3 0.5364583333333334 0.36085626911314983 0.15312499999999998 0.12844036697247707
4 0.5260416666666666 0.42507645259938837 0.15312499999999998 0.12844036697247707
5 0.515625 0.47706422018348627 0.16770833333333332 0.14067278287461774
6 0.5052083333333334 0.5474006116207951 0.16770833333333332 0.14067278287461774
7 0.5078125 0.5963302752293578 0.16041666666666665 0.1345565749235474
8 0.5078125 0.6636085626911316 0.16041666666666665 0.1345565749235474
9 0.5130208333333334 0.7033639143730887 0.16041666666666665 0.1345565749235474
10 0.5130208333333334 0.7706422018348624 0.16041666666666665 0.1345565749235474
