0 0.734375 0.0625 0.12031249999999999 0.0859375
1 0.712890625 0.10546875 0.12578124999999998 0.08984375
2 0.697265625 0.150390625 0.12578124999999998 0.08984375
3 0.677734375 0.1953125 0.13671875 0.09765625
4 0.6640625 0.244140625 0.1421875 0.1015625
5 0.650390625 0.294921875 0.1421875 0.1015625
6 0.642578125 0.33984375 0.1421875 0.1015625
7 0.630859375 0.390625 0.14765625 0.10546875
8 0.630859375 0.443359375 0.14765625 0.10546875
9 0.630859375 0.49609375 0.14765625 0.10546875
10 0.646484375 0.541015625 0.12578124999999998 0.08984375
