0 0.49583333333333335 0.20601851851851852 0.13416666666666666 0.10648148148148148
1 0.49375 0.25925925925925924 0.175 0.1388888888888889
2 0.49375 0.3287037037037037 0.175 0.1388888888888889
3 0.49375 0.3888888888888889 0.16916666666666663 0.13425925925925927
4 0.49583333333333335 0.45601851851851855 0.16916666666666663 0.13425925925925927
5 0.49166666666666664 0.5231481481481481 0.16916666666666663 0.13425925925925927
6 0.4979166666666667 0.5763888888888888 0.1575 0.125
7 0.49583333333333335 0.6388888888888888 0.1575 0.125
8 0.4979166666666667 0.6851851851851852 0.15166666666666667 0.12037037037037036
9 0.50625 0.7453703703703703 0.15166666666666667 0.12037037037037036
10 0.5208333333333334 0.7986111111111112 0.13416666666666666 0.10648148148148148
