0 0.529296875 0.205078125 0.15312499999999998 0.109375
1 0.521484375 0.259765625 0.16953125 0.12109375
2 0.513671875 0.3203125 0.175 0.125
3 0.501953125 0.3828125 0.175 0.125
4 0.501953125 0.44140625 0.1640625 0.1171875
5 0.48828125 0.4921875 0.15859374999999998 0.11328125
6 0.482421875 0.548828125 0.22421875 0.16015625
7 0.474609375 0.62890625 0.22421875 0.16015625
8 0.48046875 0.68359375 0.15312499999999998 0.109375
9 0.484375 0.73828125 0.15312499999999998 0.109375
10 0.498046875 0.79296875 0.15312499999999998 0.109375
