0 0.474609375 0.201171875 0.13124999999999998 0.09375
1 0.462890625 0.248046875 0.13671875 0.09765625
2 0.453125 0.296875 0.1421875 0.1015625
3 0.439453125 0.34765625 0.1421875 0.1015625
4 0.431640625 0.3984375 0.15859374999999998 0.11328125
5 0.419921875 0.455078125 0.15859374999999998 0.11328125
6 0.416015625 0.509765625 0.15312499999999998 0.109375
7 0.4140625 0.5625 0.14765625 0.10546875
8 0.419921875 0.609375 0.15859374999999998 0.11328125
9 0.42578125 0.666015625 0.15859374999999998 0.11328125
10 0.4375 0.716796875 0.1421875 0.1015625
