0 0.4869791666666667 0.15895953757225434 0.13125 0.10404624277456648
1 0.4869791666666667 0.21098265895953758 0.15312499999999998 0.12138728323699421
2 0.4765625 0.27167630057803466 0.15312499999999998 0.12138728323699421
3 0.4713541666666667 0.3236994219653179 0.15312499999999998 0.12138728323699421
4 0.4635416666666667 0.38439306358381503 0.15312499999999998 0.12138728323699421
5 0.4557291666666667 0.4421965317919075 0.16041666666666665 0.12716763005780346
6 0.4479166666666667 0.5057803468208093 0.18229166666666666 0.14450867052023122
7 0.4375 0.5780346820809249 0.18229166666666666 0.14450867052023122
8 0.4401041666666667 0.6416184971098265 0.16041666666666665 0.12716763005780346
9 0.4427083333333333 0.6965317919075145 0.16041666666666665 0.12716763005780346
10 0.453125 0.7601156069364162 0.16041666666666665 0.12716763005780346
