0 0.52734375 0.2578125 0.13124999999999998 0.09375
1 0.53125 0.3046875 0.1640625 0.1171875
2 0.51953125 0.36328125 0.1640625 0.1171875
3 0.51171875 0.40625 0.15312499999999998 0.109375
4 0.5078125 0.4609375 0.15312499999999998 0.109375
5 0.49609375 0.5078125 0.1640625 0.1171875
6 0.49609375 0.56640625 0.1640625 0.1171875
7 0.4921875 0.625 0.1640625 0.1171875
8 0.49609375 0.671875 0.1640625 0.1171875
9 0.50390625 0.73046875 0.1640625 0.1171875
10 0.51171875 0.77734375 0.13124999999999998 0.09375
