0 0.5390625 0.2398843930635838 0.12395833333333332 0.09826589595375723
1 0.5338541666666666 0.28901734104046245 0.13854166666666665 0.10982658959537572
2 0.5260416666666666 0.3439306358381503 0.14583333333333334 0.11560693641618497
3 0.5182291666666666 0.40173410404624277 0.14583333333333334 0.11560693641618497
4 0.5078125 0.4508670520231214 0.14583333333333334 0.11560693641618497
5 0.5026041666666666 0.5086705202312138 0.14583333333333334 0.11560693641618497
6 0.4973958333333333 0.5578034682080925 0.12395833333333332 0.09826589595375723
7 0.4921875 0.6069364161849711 0.13125 0.10404624277456648
8 0.4947916666666667 0.6589595375722543 0.13125 0.10404624277456648
9 0.5 0.6994219653179191 0.12395833333333332 0.09826589595375723
10 0.5104166666666666 0.7485549132947977 0.12395833333333332 0.09826589595375723
