0 0.5286458333333334 0.1994219653179191 0.109375 0.08670520231213873
1 0.5208333333333334 0.24277456647398843 0.15312499999999998 0.12138728323699421
2 0.5130208333333334 0.30346820809248554 0.15312499999999998 0.12138728323699421
3 0.5078125 0.3554913294797688 0.15312499999999998 0.12138728323699421
4 0.4973958333333333 0.4161849710982659 0.15312499999999998 0.12138728323699421
5 0.4869791666666667 0.4682080924855491 0.13854166666666665 0.10982658959537572
6 0.4817708333333333 0.523121387283237 0.13854166666666665 0.10982658959537572
7 0.4791666666666667 0.5722543352601156 0.15312499999999998 0.12138728323699421
8 0.4739583333333333 0.6329479768786127 0.15312499999999998 0.12138728323699421
9 0.4791666666666667 0.6907514450867052 0.16041666666666665 0.12716763005780346
10 0.4791666666666667 0.7543352601156069 0.16041666666666665 0.12716763005780346
