0 0.5364583333333334 0.2947976878612717 0.13125 0.10404624277456648
1 0.5260416666666666 0.3468208092485549 0.13125 0.10404624277456648
2 0.515625 0.3930635838150289 0.12395833333333332 0.09826589595375723
3 0.4973958333333333 0.4421965317919075 0.13854166666666665 0.10982658959537572
4 0.484375 0.49710982658959535 0.13854166666666665 0.10982658959537572
5 0.4765625 0.5433526011560693 0.14583333333333334 0.11560693641618497
6 0.4765625 0.6011560693641619 0.14583333333333334 0.11560693641618497
7 0.4713541666666667 0.6589595375722543 0.14583333333333334 0.11560693641618497
8 0.4765625 0.7167630057803468 0.14583333333333334 0.11560693641618497
9 0.484375 0.7745664739884393 0.14583333333333334 0.11560693641618497
10 0.5078125 0.8063583815028902 0.08020833333333333 0.06358381502890173
