0 0.4875 0.3726851851851852 0.11083333333333333 0.08796296296296297
1 0.4791666666666667 0.4166666666666667 0.1575 0.125
2 0.46041666666666664 0.4791666666666667 0.1575 0.125
3 0.44375 0.5416666666666666 0.1575 0.125
4 0.43125 0.5925925925925926 0.15166666666666667 0.12037037037037036
5 0.42291666666666666 0.6527777777777778 0.175 0.1388888888888889
6 0.4166666666666667 0.7222222222222222 0.175 0.1388888888888889
7 0.425 0.7800925925925926 0.14583333333333334 0.11574074074074074
8 0.4375 0.8171296296296297 0.1225 0.09722222222222222
9 0.45625 0.8657407407407407 0.1225 0.09722222222222222
10 0.48541666666666666 0.9027777777777778 0.09333333333333332 0.07407407407407407
