0 0.5052083333333334 0.2514450867052023 0.11666666666666665 0.09248554913294797
1 0.5026041666666666 0.2976878612716763 0.12395833333333332 0.09826589595375723
2 0.4947916666666667 0.3468208092485549 0.13125 0.10404624277456648
3 0.4869791666666667 0.3988439306358382 0.13125 0.10404624277456648
4 0.4817708333333333 0.44508670520231214 0.13125 0.10404624277456648
5 0.484375 0.49710982658959535 0.16770833333333332 0.1329479768786127
6 0.46875 0.5635838150289018 0.16770833333333332 0.1329479768786127
7 0.4635416666666667 0.6040462427745664 0.13125 0.10404624277456648
8 0.4635416666666667 0.6560693641618497 0.13125 0.10404624277456648
9 0.4713541666666667 0.7052023121387283 0.12395833333333332 0.09826589595375723
10 0.4791666666666667 0.7514450867052023 0.11666666666666665 0.09248554913294797
