0 0.4375 0.15234375 0.13671875 0.09765625
1 0.4375 0.201171875 0.1421875 0.1015625
2 0.427734375 0.251953125 0.15859374999999998 0.11328125
3 0.4140625 0.30859375 0.15859374999999998 0.11328125
4 0.404296875 0.365234375 0.1640625 0.1171875
5 0.3984375 0.423828125 0.1640625 0.1171875
6 0.400390625 0.474609375 0.16953125 0.12109375
7 0.404296875 0.53515625 0.16953125 0.12109375
8 0.40625 0.591796875 0.15859374999999998 0.11328125
9 0.4140625 0.6484375 0.15859374999999998 0.11328125
10 0.435546875 0.701171875 0.14765625 0.10546875
