0 0.5130208333333334 0.29190751445086704 0.13125 0.10404624277456648
1 0.5078125 0.3439306358381503 0.15312499999999998 0.12138728323699421
2 0.4973958333333333 0.4046242774566474 0.15312499999999998 0.12138728323699421
3 0.4973958333333333 0.4421965317919075 0.10208333333333332 0.08092485549132948
4 0.484375 0.48265895953757226 0.12395833333333332 0.09826589595375723
5 0.4817708333333333 0.5317919075144508 0.13125 0.10404624277456648
6 0.4661458333333333 0.5838150289017341 0.14583333333333334 0.11560693641618497
7 0.46875 0.6416184971098265 0.14583333333333334 0.11560693641618497
8 0.4739583333333333 0.6878612716763006 0.16041666666666665 0.12716763005780346
9 0.4791666666666667 0.7514450867052023 0.16041666666666665 0.12716763005780346
10 0.4895833333333333 0.7861271676300579 0.08749999999999998 0.06936416184971098
