0 0.5364583333333334 0.12716763005780346 0.13125 0.10404624277456648
1 0.5286458333333334 0.1791907514450867 0.13125 0.10404624277456648
2 0.5130208333333334 0.22254335260115607 0.13125 0.10404624277456648
3 0.4973958333333333 0.2745664739884393 0.13125 0.10404624277456648
4 0.4921875 0.3265895953757225 0.14583333333333334 0.11560693641618497
5 0.4791666666666667 0.38439306358381503 0.14583333333333334 0.11560693641618497
6 0.4791666666666667 0.43352601156069365 0.15312499999999998 0.12138728323699421
7 0.4765625 0.49421965317919075 0.15312499999999998 0.12138728323699421
8 0.484375 0.546242774566474 0.14583333333333334 0.11560693641618497
9 0.4895833333333333 0.6040462427745664 0.14583333333333334 0.11560693641618497
10 0.4973958333333333 0.653179190751445 0.12395833333333332 0.09826589595375723
