0 0.4625 0.25754060324825984 0.13416666666666666 0.10672853828306264
1 0.45416666666666666 0.3109048723897912 0.13999999999999999 0.11136890951276102
2 0.45 0.3665893271461717 0.14583333333333334 0.11600928074245939
3 0.44375 0.4245939675174014 0.14583333333333334 0.11600928074245939
4 0.4395833333333333 0.48259860788863107 0.14583333333333334 0.11600928074245939
5 0.43333333333333335 0.5406032482598608 0.1633333333333333 0.12993039443155452
6 0.4354166666666667 0.605568445475638 0.1633333333333333 0.12993039443155452
7 0.4375 0.665893271461717 0.1575 0.12529002320185614
8 0.44375 0.728538283062645 0.1575 0.12529002320185614
9 0.45 0.7911832946635731 0.1575 0.12529002320185614
10 0.46458333333333335 0.8468677494199536 0.13999999999999999 0.11136890951276102
