0 0.48541666666666666 0.2662037037037037 0.105 0.08333333333333333
1 0.475 0.30787037037037035 0.1225 0.09722222222222222
2 0.46458333333333335 0.35648148148148145 0.1225 0.09722222222222222
3 0.46041666666666664 0.4027777777777778 0.13416666666666666 0.10648148148148148
4 0.4479166666666667 0.45601851851851855 0.13416666666666666 0.10648148148148148
5 0.44166666666666665 0.5023148148148148 0.11666666666666667 0.09259259259259259
6 0.4375 0.5486111111111112 0.1225 0.09722222222222222
7 0.44375 0.5972222222222222 0.1225 0.09722222222222222
8 0.4479166666666667 0.6458333333333334 0.1225 0.09722222222222222
9 0.4666666666666667 0.6898148148148148 0.11083333333333333 0.08796296296296297
10 0.49166666666666664 0.7291666666666666 0.09916666666666665 0.0787037037037037
