0 0.6171875 0.2514450867052023 0.12395833333333332 0.09826589595375723
1 0.6119791666666666 0.30057803468208094 0.13125 0.10404624277456648
2 0.6067708333333334 0.35260115606936415 0.13854166666666665 0.10982658959537572
3 0.59375 0.407514450867052 0.13854166666666665 0.10982658959537572
4 0.5911458333333334 0.4624277456647399 0.13854166666666665 0.10982658959537572
5 0.5885416666666666 0.5144508670520231 0.15312499999999998 0.12138728323699421
6 0.578125 0.5751445086705202 0.15312499999999998 0.12138728323699421
7 0.5755208333333334 0.6213872832369942 0.16041666666666665 0.12716763005780346
8 0.5703125 0.684971098265896 0.16041666666666665 0.12716763005780346
9 0.5703125 0.7398843930635838 0.14583333333333334 0.11560693641618497
10 0.5703125 0.7976878612716763 0.14583333333333334 0.11560693641618497
