0 0.5381944444444444 0.3984375 0.14583333333333334 0.078125
1 0.5277777777777778 0.4375 0.15555555555555556 0.08333333333333333
2 0.5138888888888888 0.4791666666666667 0.15555555555555556 0.08333333333333333
3 0.5069444444444444 0.5182291666666666 0.15555555555555556 0.08333333333333333
4 0.5 0.5598958333333334 0.15555555555555556 0.08333333333333333
5 0.4965277777777778 0.6015625 0.16527777777777775 0.08854166666666667
6 0.4826388888888889 0.6458333333333334 0.16527777777777775 0.08854166666666667
7 0.4791666666666667 0.6848958333333334 0.16527777777777775 0.08854166666666667
8 0.4826388888888889 0.7291666666666666 0.16527777777777775 0.08854166666666667
9 0.4861111111111111 0.7734375 0.175 0.09375
10 0.5104166666666666 0.8203125 0.175 0.09375
