0 0.529296875 0.3046875 0.13124999999999998 0.09375
1 0.509765625 0.3515625 0.13124999999999998 0.09375
2 0.470703125 0.3984375 0.13124999999999998 0.09375
3 0.435546875 0.43359375 0.13124999999999998 0.09375
4 0.392578125 0.48046875 0.1640625 0.1171875
5 0.369140625 0.5390625 0.1640625 0.1171875
6 0.330078125 0.595703125 0.15859374999999998 0.11328125
7 0.3125 0.64453125 0.18046874999999998 0.12890625
8 0.29296875 0.708984375 0.18046874999999998 0.12890625
9 0.275390625 0.765625 0.18593749999999998 0.1328125
10 0.279296875 0.83203125 0.18593749999999998 0.1328125
