9 0.598633 0.726562 0.134766 0.117188
1 0.597656 0.306641 0.121094 0.0898438
10 0.612305 0.769531 0.119141 0.0976562
0 0.592773 0.350586 0.130859 0.0996094
1 0.586914 0.397461 0.134766 0.0957031
10 0.631836 0.798828 0.0996094 0.0664062
6 0.570312 0.629883 0.101562 0.0761719
7 0.578125 0.667969 0.121094 0.0820312
8 0.592773 0.714844 0.123047 0.09375
5 0.567383 0.585938 0.126953 0.0898438
4 0.568359 0.540039 0.128906 0.0957031
3 0.571289 0.493164 0.130859 0.0957031
9 0.608398 0.758789 0.119141 0.0800781
2 0.578125 0.445312 0.132812 0.09375
