1 0.515625 0.385838 0.135417 0.112717
10 0.489583 0.773121 0.130208 0.118497
9 0.472656 0.725434 0.143229 0.127168
10 0.50651 0.807803 0.0911458 0.0722543
3 0.498698 0.440751 0.122396 0.101156
0 0.532552 0.293353 0.122396 0.101156
1 0.523438 0.343931 0.130208 0.0982659
2 0.509115 0.391618 0.132812 0.101156
8 0.472656 0.713873 0.138021 0.115607
7 0.471354 0.656069 0.145833 0.115607
9 0.483073 0.765896 0.132812 0.0982659
5 0.479167 0.547688 0.140625 0.106936
4 0.486979 0.491329 0.130208 0.104046
6 0.472656 0.601156 0.138021 0.109827
