9 0.525781 0.81875 0.151562 0.1
9 0.572656 0.860156 0.0953125 0.0640625
7 0.471875 0.647656 0.1875 0.132812
5 0.475781 0.648438 0.185937 0.1375
0 0.497656 0.341406 0.160938 0.117188
2 0.5 0.341406 0.165625 0.117188
10 0.498437 0.807031 0.125 0.0921875
9 0.560156 0.838281 0.120312 0.0828125
0 0.51875 0.229687 0.15 0.103125
6 0.475 0.585156 0.1875 0.139062
1 0.508594 0.285937 0.164062 0.11875
8 0.476562 0.710156 0.171875 0.126563
5 0.475781 0.523438 0.179688 0.13125
10 0.580469 0.875 0.0953125 0.06875
3 0.486719 0.399219 0.164062 0.120312
4 0.480469 0.459375 0.176563 0.13125
9 0.482031 0.764844 0.151562 0.107813
