9 0.528906 0.815625 0.123438 0.096875
10 0.5125 0.810156 0.1375 0.0890625
8 0.523438 0.796875 0.13125 0.090625
10 0.557813 0.841406 0.1 0.0796875
9 0.564062 0.84375 0.096875 0.065625
7 0.470313 0.647656 0.184375 0.129688
9 0.482031 0.764844 0.160938 0.104687
5 0.471875 0.521094 0.1875 0.126563
10 0.578906 0.875 0.0953125 0.0625
3 0.489062 0.400781 0.171875 0.126563
2 0.496875 0.342969 0.165625 0.114063
0 0.516406 0.23125 0.154687 0.10625
1 0.508594 0.286719 0.167187 0.120312
8 0.475781 0.711719 0.179688 0.126563
6 0.470313 0.585156 0.1875 0.129688
4 0.479688 0.461719 0.178125 0.123438
